Eigvals	3
24.494456525054474	8.920055059529211	5.115667574301279

Proportion explained	3
0.20009856305156912	0.07286914890015934	0.04179058758132277

Species	0	0

Site	616	3
1629.SubjectIBD335	-0.2393462249482208	-0.13124347610365794	-0.03641487200488632
1629.SubjectIBD643	0.015642004640651068	0.1407724063184044	0.12052012544683968
1629.SubjectIBD539	-0.2746170301613594	-0.14913835443569584	0.04420666314174971
1629.SubjectIBD078	-0.07606433069585589	0.12124646526307115	0.03925649715671431
1629.SubjectIBD671	0.2783971390045804	0.01593704771876344	0.07962970289615148
1629.SubjectIBD067	0.07911933382796639	0.09230369903590227	0.04056136167022524
1629.SubjectIBD276	-0.013087814788169328	0.03990833443253505	-0.017400203854026318
1629.SubjectIBD419	0.015459169447061466	0.12837567684275228	0.1905511023686179
1629.SubjectIBD243	0.2218234940952055	0.0018608194174079989	-0.08116901574352121
1629.SubjectIBD284	-0.17547020853904804	0.015793704404281277	-0.09937346600105228
1629.SubjectIBD026	0.4293822700258988	-0.157525295080596	0.09019625407615332
1629.SubjectIBD345	0.06181784690890782	0.12867147788090838	0.14360558894709513
1629.SubjectIBD199	0.11367219620669122	0.02331800192494858	0.18062292543294503
1629.SubjectIBD390	0.18920991464620573	0.015554783806922188	0.06317731181814694
1629.SubjectIBD237	0.018354906778504227	0.10980616356250855	-0.0012020110576217873
1629.SubjectIBD210	-0.0435667140070709	0.11553262263412495	-0.030777011713538603
1629.SubjectIBD263	-0.1325448927312885	0.10759100186925133	-0.012551341434326945
1629.SubjectIBD173	0.3266976171422194	-0.015632291547488995	-0.061061418411318
1629.SubjectIBD268	-0.07145106666750121	0.05069973534711108	0.008353293430745149
1629.SubjectIBD326	0.16456191956458	0.1372147698936111	-0.03310496623307328
1629.SubjectIBD246	0.1355669147869137	0.04972353878627509	-0.01684343769996651
1629.SubjectIBD302	-0.18934249420154134	-0.10092109073113777	0.010758581121624314
1629.SubjectIBD118	0.39852936232157754	-0.1516330012385609	0.10990921925792058
1629.SubjectIBD105	0.0004825433644307947	0.11678690275862415	0.027324746253829083
1629.SubjectIBD334	0.2703723703372189	-0.04991555931066769	0.10709403362208335
1629.SubjectIBD271	-0.15411057148177681	0.028292968861816353	-0.057396126027614056
1629.SubjectIBD260	0.23309934888067693	-0.09257942335805443	-0.0026430033763194293
1629.SubjectIBD407	0.19860746800236675	0.1170665504209339	0.07683816226320783
1629.SubjectIBD275	-0.025052809277332833	0.1179859134078744	0.05610067807221388
1629.SubjectIBD254	-0.09343183699482846	0.1436686437011528	-0.014369456711790235
1629.SubjectIBD614	0.20968200326577635	0.026994751663839005	0.12099632538596165
1629.SubjectIBD021	-0.11670401694263842	0.08951896701324676	-0.005389046847669016
1629.SubjectIBD150	-0.09790423639845769	0.0815011449311357	0.13245465047684843
1629.SubjectIBD291	-0.259464543027513	-0.18974645801178935	-0.01619698861602856
1629.SubjectIBD430	0.36945130175712343	-0.2818427516698522	-0.11854305903793791
1629.SubjectIBD405	-0.1371869559051444	0.08898910467818964	-0.13191928503697525
1629.SubjectIBD545	-0.1048700320428457	0.10466156126924638	-0.0034234163571644537
1629.SubjectIBD338	-0.25776824105280643	-0.09088423112634746	-0.03136716954120229
1629.SubjectIBD310	0.3816149756877035	-0.1594407056295861	0.028690254574417495
1629.SubjectIBD089	0.35187689071598927	-0.2605974740297589	-0.1388256597792386
1629.SubjectIBD111	0.42549991863908665	-0.24212640658640402	-0.11101318275076692
1629.SubjectIBD364	0.18624758631794025	0.04859593814904665	-0.0857619424955323
1629.SubjectIBD418	-0.015383684512449945	0.14954154530289557	-0.006060820779728816
1629.SubjectIBD470	-0.09333389833059892	0.12989387507899208	0.029103629209543763
1629.SubjectIBD380	-0.05873650275068028	0.09868429916879214	0.040188763823333536
1629.SubjectIBD224	-0.09250166511939971	0.055400453708428124	-0.05380563235167496
1629.SubjectIBD504	-0.038475132398431956	0.0964080839762583	-0.011957298714232248
1629.SubjectIBD148	-0.11518355279131046	0.1097555871325978	-0.09949752809376251
1629.SubjectIBD163	0.3274266379741744	-0.09048485293377112	0.044639985570604786
1629.SubjectIBD469	0.014678376864116466	0.10189202912537491	0.150028525428487
1629.SubjectIBD181	-0.15730885898136313	-0.18657142885936517	-0.050536515752409215
1629.SubjectIBD558	-0.05246992840296094	0.12542935124990826	0.04558507954069437
1629.SubjectIBD278	-0.03775481191700409	0.1254669606044447	0.050590776800505714
1629.SubjectIBD285	-0.07858044325470946	-0.00863460209780458	0.02337607065276857
1629.SubjectIBD049	-0.04960734222676856	0.1185508678631682	0.15125300417950088
1629.SubjectIBD479	-0.10149678629106489	-0.14860874342022926	0.1506982239183338
1629.SubjectIBD160	-0.27743352273742633	-0.17104690091716554	0.04558016910791775
1629.SubjectIBD144	0.3831666733884912	-0.11257233030246937	0.09876398802544183
1629.SubjectIBD053	0.10654361729862462	0.12397639628783416	0.13400946731134974
1629.SubjectIBD123	-0.26793189554962094	-0.18409888809643815	0.06794226725990767
1629.SubjectIBD518	-0.11228567897849755	0.014399624488128409	-0.07949399063021338
1629.SubjectIBD374	-0.03429115441343255	0.1517826508043656	-0.03776246033885718
1629.SubjectIBD120	0.389421776974356	-0.26456464474577984	-0.1850419562267664
1629.SubjectIBD548	-0.14373731067895	0.044958887120888004	0.03780740403832481
1629.SubjectIBD454	-0.09581309053195522	0.10643732103388842	-0.043924488283271376
1629.SubjectIBD489	-0.20718028364044738	-0.09448403314629879	0.14057347123402553
1629.SubjectIBD480	-0.14124048462958028	-0.16864682880730775	0.10593699191910787
1629.SubjectIBD408	-0.128958214464588	-0.014722294608169064	-0.09555257497431323
1629.SubjectIBD532	-0.18300800988325194	0.046906140375992916	-0.01775558993213364
1629.SubjectIBD373	0.05400744192253804	0.12992273188104686	0.08349321747974082
1629.SubjectIBD533	-0.1637348424276339	0.01906021295629098	-0.038678556137081016
1629.SubjectIBD012	-0.21410753407965832	-0.1254370422152874	0.07489864513736834
1629.SubjectIBD516	-0.21955514317905492	-0.14416488480973677	0.049973700221099725
1629.SubjectIBD030	-0.24977152162541505	-0.14384799167861387	0.0022450910030232026
1629.SubjectIBD565	-0.06590674888543949	0.0429298604555814	-0.20589566953570124
1629.SubjectIBD130	-0.2335487729166259	-0.086436673680256	0.0191049315381106
1629.SubjectIBD412	0.10749662975720581	0.15957526814933862	0.08551768170088501
1629.SubjectIBD109	-0.06501942047033221	-0.00019939587839284018	-0.013000907183350549
1629.SubjectIBD473	-0.042549699817192796	0.11532832261275475	-0.06360394198788392
1629.SubjectIBD277	-0.08291871493733702	0.08245523865883995	-0.043161284620813714
1629.SubjectIBD423	-0.2667546918820434	-0.16932311148655788	-0.08424055686868225
1629.SubjectIBD384	0.33816345440934314	-0.11578505781257083	-0.021333816746998777
1629.SubjectIBD505	-0.004808902684359475	0.09599650308155838	-0.013431192200571738
1629.SubjectIBD028	0.3685860367821608	-0.11771394183089538	0.16275812016272748
1629.SubjectIBD037	-0.02184606972255622	0.10662980404117754	0.06304832457419256
1629.SubjectIBD551	0.2985741546359058	-0.208007611396993	0.01720723484601619
1629.SubjectIBD134	-0.26395109966428715	-0.13963489909897087	0.05849318530069526
1629.SubjectIBD366	0.2597603904124811	0.08714061401079769	0.06305667570240188
1629.SubjectIBD294	-0.2601072474446078	-0.12072460015862285	-0.018810424153924067
1629.SubjectIBD362	0.2819935640465801	0.010048217002059535	-0.2524441442330219
1629.SubjectIBD020	-0.03849534458252541	0.11462519286837318	0.021430591635860752
1629.SubjectIBD341	0.33922874583393414	-0.009018039243247396	0.08855816954456817
1629.SubjectIBD038	-0.09883829267136461	0.11818155706947224	0.08951133675116356
1629.SubjectIBD514	-0.07458479484810261	0.06513183929831891	0.010422698574644904
1629.SubjectIBD151	-0.18765065746156998	0.04841261733873849	-0.1385639490400775
1629.SubjectIBD321	-0.2875896331347605	-0.23825092086287292	-0.019522167577721915
1629.SubjectIBD287	-0.06920914051566353	-0.02635096173020542	0.03134398267607368
1629.SubjectIBD239	-0.078365260231545	0.08096692587792742	-0.12983728647355483
1629.SubjectIBD573	-0.13328795741584787	0.09592803993473409	-0.03038407220342708
1629.SubjectIBD162	-0.0072842395615098305	0.162542775523663	-0.03127702596507728
1629.SubjectIBD165	0.39210918658050026	-0.10462129634261907	0.029631158927928235
1629.SubjectIBD041	-0.15001598537110794	0.042425794201605097	-0.02358617962057365
1629.SubjectIBD483	-0.15793560877762436	0.03220091947500164	0.026628165958510974
1629.SubjectIBD058	-0.12804143636566628	0.12704787107210275	0.02974131579088929
1629.SubjectIBD410	0.16713415830745457	0.10991824931434559	0.07579897014150663
1629.SubjectIBD358	0.16086124533589027	0.09997303667957201	0.13315550109986649
1629.SubjectIBD054	-0.08122321708977055	0.14995935879586528	-0.06649044401463472
1629.SubjectIBD156	-0.25547318900126037	-0.1930536474322528	-0.01858347516846999
1629.SubjectIBD193	-0.20764089297981303	0.008213129000631793	-0.03961104177191185
1629.SubjectIBD386	0.28159952898965634	-0.024673344781638573	0.1302567574294844
1629.SubjectIBD142	0.3077244821733947	0.03716512898636932	0.030249591721566528
1629.SubjectIBD286	-0.0035643256703597236	-0.012701936663996872	0.04967025552085358
1629.SubjectIBD519	-0.23807490379118829	-0.15541412603572943	0.05840135663438584
1629.SubjectIBD511	-0.11173323287059016	0.01981208308605371	-0.11380703347720778
1629.SubjectIBD197	-0.08130396094783052	-0.25858278274630503	0.1401558913515314
1629.SubjectIBD517	-0.2528318339860031	-0.18375075174535657	0.04797773973726237
1629.SubjectIBD394	-0.006438882542940695	0.151066890849351	0.0463878502956038
1629.SubjectIBD442	-0.06120994344905452	0.10322286470335323	0.093435214523534
1629.SubjectIBD139	0.24220842710554924	-0.0213212020144408	0.24581442215137206
1629.SubjectIBD720	-0.17950280507992228	0.036875985006718015	-0.05743500804797158
1629.SubjectIBD475	-0.010038613946109616	0.12215913321655637	0.04052492464767311
1629.SubjectIBD348	0.08551476623736083	0.14714192322644573	0.21690516134256016
1629.SubjectIBD508	-0.08874131382506237	-0.0212150474288145	-0.08982016976529668
1629.SubjectIBD612	-0.2276291910065835	-0.18685010401826643	0.09703796826573553
1629.SubjectIBD249	0.3815334773067894	-0.1376617622490886	-0.14633901627514728
1629.SubjectIBD091	-0.07741978256862968	0.10164038119220911	-0.00900364813989101
1629.SubjectIBD492	-0.153291202169351	0.08655946264360002	-0.13891823534880257
1629.SubjectIBD146	0.3055724856765933	-0.024943382363796274	0.1137599531517241
1629.SubjectIBD397	-0.213163009115221	-0.10823501288944394	-0.02046648488440738
1629.SubjectIBD272	-0.22581272718822842	0.0512705150552624	-0.16280737646228263
1629.SubjectIBD187	-0.1076426772169474	0.09084625445642866	0.07856352841860291
1629.SubjectIBD236	0.014690288106370589	0.044912005781163875	-0.03508225412233917
1629.SubjectIBD180	-0.16610556460530618	-0.17660057330520007	0.007492061255720625
1629.SubjectIBD136	-0.25266445234104057	-0.10467557748951901	0.01200346246836588
1629.SubjectIBD400	-0.16790625691420993	0.09599607853607742	-0.06240926253713295
1629.SubjectIBD125	-0.20916363088090467	-0.17773971558753493	0.16527458413639026
1629.SubjectIBD336	-0.16844945408344292	0.07861095624537107	-0.06527525010056776
1629.SubjectIBD330	0.3295496637502112	-0.022841907297785527	-0.09027189696378751
1629.SubjectIBD116	0.31229155612223497	-0.15649780993576168	-0.01825814129279849
1629.SubjectIBD101	-0.19025494609551605	-0.11345510362245043	0.13192046651712142
1629.SubjectIBD001	0.16944523977912496	0.08819266572671772	0.020308352275183402
1629.SubjectIBD316	0.28072589862146585	-0.09205505568336306	-0.0447799527712023
1629.SubjectIBD621	0.03165560632100235	0.12798145963275456	0.006950479049829432
1629.SubjectIBD230	-0.04556442599318476	0.05082771884894674	-0.19086759331260747
1629.SubjectIBD307	-0.20801511707369155	-0.09569499852149135	0.06411832103923908
1629.SubjectIBD244	0.11569082122022406	0.08299514982358981	0.05036443409318064
1629.SubjectIBD453	-0.226176134249363	-0.13539318284726454	-0.029593484198542033
1629.SubjectIBD433	0.01098366346451592	0.05456806039268949	-0.13689483571953046
1629.SubjectIBD177	-0.10400456364776672	-0.17695659011764478	0.011642260791876888
1629.SubjectIBD549	0.19606559546343666	0.11492335266265309	0.0936116396256479
1629.SubjectIBD096	-0.25154192581480683	-0.1372577334759107	0.035437807016890685
1629.SubjectIBD385	0.3436859092795337	-0.13620640953842378	-0.01813184027733638
1629.SubjectIBD055	-0.021763060133525546	0.17105634247313997	0.02768787674064842
1629.SubjectIBD265	-0.10892098910094479	0.07473485681237245	0.0485451479971032
1629.SubjectIBD678	0.2114084156916416	-0.043159899883622975	-0.07552605024278454
1629.SubjectIBD107	0.37715194099823807	-0.2019978743718907	0.05634691118584433
1629.SubjectIBD185	-0.12147633234033757	-0.1822175898832579	0.037130129425054836
1629.SubjectIBD062	0.4707914564812057	-0.2622497036829555	-0.06411420938763206
1629.SubjectIBD464	-0.27452564455003886	-0.10967450915296477	-0.03372631124263837
1629.SubjectIBD147	-0.06186892399272367	0.12348660766558264	-0.025017536450040765
1629.SubjectIBD169	0.3223510831937953	-0.012587243397942698	0.06528640250996946
1629.SubjectIBD283	-0.16365082334449405	0.01595744025990356	-0.0619070299464005
1629.SubjectIBD070	-0.12026089151524165	0.07935009552253533	0.03183914308081384
1629.SubjectIBD266	-0.11933387035288677	0.07032487992492285	0.006971567079017377
1629.SubjectIBD484	-0.23791584331280746	-0.187489046515635	0.025366161643631844
1629.SubjectIBD280	0.019018854792443987	0.0731995854019508	0.04197694726263998
1629.SubjectIBD087	-0.11225219701752136	0.15155843871606917	-0.06324816770762663
1629.SubjectIBD117	0.3953728311830325	-0.21345439556658768	0.0598731057211922
1629.SubjectIBD424	-0.1625173465743809	0.07646044670438805	-0.10841579679356043
1629.SubjectIBD073	-0.09377199857466141	0.08620569470033626	0.019931739776557728
1629.SubjectIBD452	-0.10903115539007639	-0.07088052826095025	0.05598700636637036
1629.SubjectIBD375	0.21282876632261247	0.06487745791926088	-0.04849805703894685
1629.SubjectIBD580	-0.040831613358042626	0.16459661158333974	0.07817012889490169
1629.SubjectIBD333	0.34902289938146713	-0.21055188597264393	-0.2663990276581829
1629.SubjectIBD682	-0.21814735636834878	-0.16755555820802173	0.12435021494845648
1629.SubjectIBD226	-0.20974683088071255	-0.1892325238197221	0.027921149268991623
1629.SubjectIBD322	-0.2895670376187455	-0.22816328623126458	-0.0055569792718612706
1629.SubjectIBD403	-0.212870522098369	-0.07494311225401638	0.013975798364761491
1629.SubjectIBD145	0.3707540448793628	-0.15850202048914852	-0.1292612795510761
1629.SubjectIBD015	-0.10726247951807043	0.09896996172496395	0.008630473764254935
1629.SubjectIBD329	0.3033306973324668	-0.021532498974758934	0.14174692279968684
1629.SubjectIBD443	0.06678676612515105	0.1493961951712956	-0.012837963571377262
1629.SubjectIBD115	0.4045795763618862	-0.12147219159743257	0.04129519013062253
1629.SubjectIBD183	-0.0846633500968604	0.058927996747446525	-0.07024526748551228
1629.SubjectIBD121	-0.25177300610486525	-0.14596152576312396	0.06695959560645581
1629.SubjectIBD640	-0.1390509882764545	0.1411560825097847	-0.08292873754802174
1629.SubjectIBD319	-0.29114311556783573	-0.21641038880315155	0.013095235706903956
1629.SubjectIBD339	0.2907091817181132	-0.027588664715425336	-0.07252585099707384
1629.SubjectIBD520	-0.20644559047550284	-0.1636324278912304	0.07971584510067341
1629.SubjectIBD212	-0.018683137710776294	0.08790783768375965	0.014490478624596488
1629.SubjectIBD071	-0.031232152389969077	0.10985866753282922	-0.019593319502670282
1629.SubjectIBD396	0.03028548630875415	0.03072204146174582	-0.07974533569988816
1629.SubjectIBD440	-0.07286197196469031	0.06921598947910693	0.007071042498519051
1629.SubjectIBD304	0.010208523111063511	0.10449371289066796	0.07083048314822324
1629.SubjectIBD159	-0.26351098368764864	-0.17393996276207446	0.016792913957777576
1629.SubjectIBD557	-0.22044167288140049	-0.18541248774512978	0.04191495978633648
1629.SubjectIBD466	0.026788828496490315	0.13598176989967412	-0.03759554080147191
1629.SubjectIBD486	-0.1695801786809733	-0.17253919348150956	0.04023450192208993
1629.SubjectIBD114	0.42364344610596816	-0.19134816855432435	-0.037368602455631145
1629.SubjectIBD325	0.182640389436906	0.13746731753053987	-0.03823292652238876
1629.SubjectIBD074	-0.11541318355358224	0.09330879044685954	-0.002333681065889461
1629.SubjectIBD393	-0.02870780425122938	0.0235418864934872	0.019776115344308797
1629.SubjectIBD050	-0.11099839408579396	-0.08225973140022923	0.1993728643178952
1629.SubjectIBD476	-0.1451659938876523	-0.16532705552564242	0.2037830398075592
1629.SubjectIBD601	-0.060773849154853045	0.1084390900747276	-0.060975059422325596
1629.SubjectIBD441	-0.10405216053634272	0.1448509617271304	-0.04564070735757537
1629.SubjectIBD428	0.4149576432310853	-0.28542438004967347	-0.12656236328283776
1629.SubjectIBD657	-0.138756502485947	-0.01692766575253271	-0.15625875186536106
1629.SubjectIBD627	-0.20416027331307066	-0.1311087802930415	0.08914063473080913
1629.SubjectIBD713	-0.06855040072908046	-0.2215929170207872	0.005884924731002005
1629.SubjectIBD664	-0.01675548995556962	0.09929417878817978	0.024727261714219854
1629.SubjectIBD654	-0.07775207538478171	0.14094032091382352	-0.11590197324689219
1629.SubjectIBD184	-0.16042017052865337	-0.1802273937300696	0.02869033738506679
1629.SubjectIBD033	0.3623496556119489	-0.06937870290808265	-0.026060167702332257
1629.SubjectIBD215	-0.06012809442660019	0.05537008476695832	-0.09259023010025494
1629.SubjectIBD135	-0.26196191021271675	-0.12741839352787934	0.034283969031428344
1629.SubjectIBD194	-0.2522722601188669	-0.16779462845632503	0.011284957781075078
1629.SubjectIBD293	-0.275708444489166	-0.14980958885889822	-0.030414213848928708
1629.SubjectIBD198	-0.04317413785181587	0.036427574327626965	-0.013036042313250023
1629.SubjectIBD195	-0.2741657635232219	-0.2599380425133002	0.011318221846648298
1629.SubjectIBD666	0.10763917208073813	0.12470115146642763	0.11084922769487328
1629.SubjectIBD347	0.15000376004139765	0.11967431220075557	0.14767073816437995
1629.SubjectIBD513	-0.14055479995200548	0.0037077005835353368	-0.024077427964674054
1629.SubjectIBD417	-0.03486379799500275	0.08263489838332452	-0.21283234424497327
1629.SubjectIBD221	0.13869347898364523	0.018412938987321627	-0.06414145460346489
1629.SubjectIBD406	0.3732993020135864	-0.21368178008927988	-0.038583158117127536
1629.SubjectIBD299	-0.14294001402868906	0.07786244766808023	-0.10569236170264396
1629.SubjectIBD223	-0.09708958409430885	0.05004991651878182	0.024981276218855982
1629.SubjectIBD381	-0.07256500411233893	0.08912991853681798	0.11706750320121205
1629.SubjectIBD457	0.09040411691447364	0.129369403331899	0.1185549838510887
1629.SubjectIBD541	-0.2618549496819209	-0.17439355932914	-0.003290071377958496
1629.SubjectIBD313	0.3506006256819496	-0.15111122693477225	0.01617531782613291
1629.SubjectIBD057	-0.07039767332030973	0.1484346704258581	-0.0832549945043923
1629.SubjectIBD495	-0.2597466529614345	-0.22405960551457121	-0.0580266716345328
1629.SubjectIBD090	-0.07523818803018528	0.11719653762688338	-0.023991638065032767
1629.SubjectIBD225	0.04975502807579453	0.05373418558410033	0.02062015930018394
1629.SubjectIBD251	0.2366933887240678	0.005070755820404256	0.06782062889829224
1629.SubjectIBD064	0.4465366116028807	-0.2326331465209349	-0.014815486542464529
1629.SubjectIBD415	0.052654662270773984	0.1815498417492385	0.0657778327733749
1629.SubjectIBD355	0.0673043288410126	0.07387085658677814	-0.018763045294500097
1629.SubjectIBD602	0.19674974504406575	-0.0013976188731909813	0.12673035765505794
1629.SubjectIBD192	-0.26025569216047056	-0.1429932517429031	0.05308913007200535
1629.SubjectIBD104	-0.006817498254974268	0.14738293574832742	-0.13077479379598292
1629.SubjectIBD085	-0.12179037470735152	0.07776313141824381	-0.07615676847536772
1629.SubjectIBD257	0.3708189581490975	-0.19309247951802477	-0.17987420643395716
1629.SubjectIBD663	0.3869450625656028	-0.16675574247312422	-0.18798285174550888
1629.SubjectIBD546	-0.12045201095984678	0.03156753324606756	-0.0780910471701013
1629.SubjectIBD273	-0.19423126958981254	0.030859858339959197	-0.11919795306586471
1629.SubjectIBD708	-0.10950520702683617	0.06222940294900156	-0.09810412784694839
1629.SubjectIBD025	0.38575855534113673	-0.17262084366106367	-0.17666551436533057
1629.SubjectIBD543	-0.2304164339065744	-0.2072702036351602	0.1075265051261447
1629.SubjectIBD075	-0.1245034097752621	0.0888875802073237	-0.030944708032869334
1629.SubjectIBD279	0.17534426461489783	0.046804379953836545	-0.1337026102186988
1629.SubjectIBD217	0.008808684416668244	0.12019003186196016	-0.010454329059861706
1629.SubjectIBD034	0.2840129851533357	0.013018662501228576	0.06126478938281993
1629.SubjectIBD141	0.33925404199777287	-0.028452028034691976	0.05922116521915115
1629.SubjectIBD395	-0.1601419303270417	-0.1283705839916939	0.11577923368152113
1629.SubjectIBD108	0.29578854039719216	-0.04412628048120218	-0.08994812498037993
1629.SubjectIBD444	-0.04840344151309527	0.16495938025108314	0.0871619479514553
1629.SubjectIBD340	0.26349793032281366	0.023212973780288488	0.045144611738935594
1629.SubjectIBD432	0.17659483726242114	0.10325176565018757	0.14913895718310582
1629.SubjectIBD011	-0.11045990160723951	0.06573400450549535	-0.13343746339620585
1629.SubjectIBD143	0.26539870057735687	-0.00511435587681586	0.17945295868440886
1629.SubjectIBD270	0.05708506080234688	0.1665436488369427	0.10677616476507694
1629.SubjectIBD014	-0.22139008601340118	-0.08328448439597493	0.0935744250650753
1629.SubjectIBD219	-0.22990261117324035	-0.06567186055955618	0.05896747266767004
1629.SubjectIBD429	0.1743059585287834	0.12552179774700725	-0.01574808110983875
1629.SubjectIBD528	-0.29766884897861307	-0.23586142143728664	-0.07617263872573157
1629.SubjectIBD132	-0.15510889205659623	0.07436852860524668	-0.007982260270972392
1629.SubjectIBD131	-0.2560032224641051	-0.12375783158642503	0.015385707371988931
1629.SubjectIBD009	-0.27575683550229707	-0.2096944591540463	0.1429098265027953
1629.SubjectIBD093	-0.09047954289825547	0.08799427369110913	-0.04794529695619334
1629.SubjectIBD002	0.02325650941074044	0.14188749457655328	-0.003929652156786287
1629.SubjectIBD667	0.13787121697883695	0.15585395974987992	-0.04011893635187752
1629.SubjectIBD172	0.36946088860431725	-0.07887224051987936	-0.05573004353319104
1629.SubjectIBD247	0.15306552795622003	-0.03239368470798373	0.1660435460745921
1629.SubjectIBD493	-0.12772060201952967	0.11163161391130093	-0.07808809956977439
1629.SubjectIBD534	-0.13502989522148115	0.028390972628363226	0.12440750033019339
1629.SubjectIBD674	0.16661530770292837	0.12468482337040315	0.11926990125443493
1629.SubjectIBD446	-0.011565674302598335	0.16577911957065122	-0.10545927704411254
1629.SubjectIBD213	0.05477437395190689	0.0028443798929567838	-0.13591606301545195
1629.SubjectIBD438	-0.1417449988497523	-0.16168882605196985	0.03278677310329919
1629.SubjectIBD460	-0.1959047315997878	-0.06480068735403181	0.03931805119462297
1629.SubjectIBD463	0.0014389166956986753	0.09487676250257579	-0.14078220835956234
1629.SubjectIBD052	0.1306585608979388	0.1341052132905151	0.04217680343246295
1629.SubjectIBD161	0.282820697777862	-0.022382494064147954	0.18306723474759698
1629.SubjectIBD497	-0.15645456357623155	0.09093964378538356	-0.02167530115482312
1629.SubjectIBD094	-0.015903844823693336	0.1152819584751248	0.08870366052486467
1629.SubjectIBD140	0.30054429476768607	0.004159583341025853	0.09259936159345537
1629.SubjectIBD149	-0.17654293660086712	0.04269610791957468	-0.07567668820213345
1629.SubjectIBD368	-0.16748916987699555	0.00019435649115102902	0.028171515709328316
1629.SubjectIBD255	-0.05752645963952219	0.10666757723503947	0.0847336037301829
1629.SubjectIBD065	0.456223424051099	-0.23428874471544428	-0.021107513505981487
1629.SubjectIBD154	-0.09708738979202819	0.0491880536154628	-0.24541734211035235
1629.SubjectIBD022	0.10590050786293434	0.1140071572262504	-0.05452170185318295
1629.SubjectIBD190	-0.06327904488231986	0.014301115370710212	-0.16265185813748304
1629.SubjectIBD081	-0.005851900323403043	0.1420880029763898	-0.04541110490975969
1629.SubjectIBD220	0.04881331465808761	0.08096476720943269	0.018130141322247995
1629.SubjectIBD554	0.27516228233182677	0.03715275372781448	-0.08457231451397558
1629.SubjectIBD191	0.019699622890695632	0.08063101875033991	-0.005031970225373746
1629.SubjectIBD690	-0.24842801180311316	-0.1261736098161955	0.0461633964640867
1629.SubjectIBD369	-0.16368783968172054	-0.010157017480080107	0.008710350654337954
1629.SubjectIBD178	-0.15639686015441853	-0.17499015643564347	-0.022966578917278387
1629.SubjectIBD066	-0.09988824623341698	0.0617195038311098	0.049821922501814116
1629.SubjectIBD360	0.21827778339258896	0.07884355919367356	-0.10841236059943572
1629.SubjectIBD010	-0.10946107654055794	0.035021260737633814	-0.09498630269871279
1629.SubjectIBD531	0.38897820799855126	-0.13025754346850582	0.020300406668684483
1629.SubjectIBD599	-0.1307802556957185	0.01022628308584899	-0.15825011532170316
1629.SubjectIBD376	0.13247743591437092	0.12763653343262382	0.04672886798086026
1629.SubjectIBD337	-0.21924603912734558	-0.0531797243756002	-0.016854588737167497
1629.SubjectIBD488	-0.21990385882933464	-0.1336267177719324	0.023074763029661594
1629.SubjectIBD023	0.336859640845845	-0.07600856887894468	-0.13994737821070122
1629.SubjectIBD679	0.18372450335514842	0.03230853012667829	0.048159302974696644
1629.SubjectIBD448	-0.215162571377824	-0.1327721720699786	0.13833279522975359
1629.SubjectIBD359	-0.11693256235493694	0.07395749451345009	0.023925389453766866
1629.SubjectIBD350	0.03456725612111452	0.09964974953514065	-0.01363197029267068
1629.SubjectIBD507	-0.09881197327793395	0.01760172145124977	0.04385279045823899
1629.SubjectIBD696	0.0009046413437177324	0.13903244565700604	0.0684957550700951
1629.SubjectIBD343	0.12065424706858649	0.04823556856579829	0.06214298527194761
1629.SubjectIBD305	-0.04303325282957038	0.14927986190864034	-0.020987404674122533
1629.SubjectIBD607	-0.22576706511517577	-0.11849394944003049	0.04916766583066235
1629.SubjectIBD584	-0.03319644072527629	0.14212244013052514	0.07311159056976074
1629.SubjectIBD126	-0.1296674620261291	0.10131975234545494	0.05063405532959008
1629.SubjectIBD098	-0.21700636337255833	-0.108293008537268	0.04763097281255697
1629.SubjectIBD500	-0.03087599836962197	0.13303245137778133	0.12241276339869973
1629.SubjectIBD506	-0.03176389984584992	0.0899518701495028	-0.02798411668996436
1629.SubjectIBD129	-0.08516897909441831	0.07142573021381486	0.05020453177739896
1629.SubjectIBD288	-0.0749308516985132	0.023104950706855903	0.12627045181348479
1629.SubjectIBD320	-0.27917428094061203	-0.21621891877174707	0.0017381541839820468
1629.SubjectIBD637	0.032201182048869084	0.10300058324080338	0.18244124566187916
1629.SubjectIBD370	-0.09181290912108006	0.022841504073295712	0.16169658916652757
1629.SubjectIBD157	-0.27067943263860483	-0.13616970872458475	0.010309865647563045
1629.SubjectIBD459	0.15967177160007612	0.09947743583262136	0.13668865994301999
1629.SubjectIBD231	-0.0883893511027106	0.09668659588165585	-0.10943423332301633
1629.SubjectIBD269	0.08795531292555663	0.13789325481202291	0.17002609153208265
1629.SubjectIBD474	0.05680770391009538	0.0854208108300759	0.13846612825236948
1629.SubjectIBD253	-0.056583130538020415	0.14217033404148424	0.0681830111831887
1629.SubjectIBD095	0.3870473149820538	-0.13675532351164532	-0.09733602801058439
1629.SubjectIBD367	0.22868000416338138	0.08565626336217341	0.11245842303582668
1629.SubjectIBD675	-0.15129844310012638	0.11196480122513891	-0.06656564658843994
1629.SubjectIBD008	-0.2974453967031372	-0.24558225475379034	0.0007888008822196935
1629.SubjectIBD061	-0.03983084896925507	0.1356599666589311	0.11432423534294409
1629.SubjectIBD478	-0.024421985196640853	0.04985892257823413	0.10470873244454726
1629.SubjectIBD174	0.32456438543175564	-0.0267160290834963	-0.01855837021692892
1629.SubjectIBD363	0.22391567854661787	0.08891905007727981	-0.10329197471561428
1629.SubjectIBD502	-0.05983295320471791	0.11843068515959836	0.08270004022210851
1629.SubjectIBD228	-0.16056636871177274	0.05358821103611206	0.11812398008894542
1629.SubjectIBD439	-0.05998469982873493	0.11332026544435882	-0.03273481393722813
1629.SubjectIBD435	-0.13334241766086363	0.0889347451199631	0.08378916594784473
1629.SubjectIBD487	-0.1730698696096648	-0.1712435101320685	-0.009755566058565522
1629.SubjectIBD189	-0.16403239462818603	0.07156881986441199	0.04110708352369956
1629.SubjectIBD112	0.31171199291390994	-0.1886104112920598	0.06301681335146142
1629.SubjectIBD241	-0.06278507069540568	0.10738434420785414	-0.10352240090248577
1629.SubjectIBD092	-0.05538829028159483	0.08783304125343593	-0.09792783140003732
1629.SubjectIBD669	-0.1144230334291571	0.09872720852209575	0.014680505944182673
1629.SubjectIBD110	0.3880065388678816	-0.27600937757406674	-0.12459777214399068
1629.SubjectIBD462	-0.22702262192575914	-0.13055962543123378	0.065328640160938
1629.SubjectIBD512	0.0043987641650138284	0.06730408151074377	0.02481954466099157
1629.SubjectIBD086	0.019998416520833225	0.16096113571822962	-0.045587171643570436
1629.SubjectIBD482	-0.19821408758086206	-0.0976112875139255	0.069924389205882
1629.SubjectIBD188	-0.07091614411819731	0.13174448111806789	0.033438450483003264
1629.SubjectIBD600	-0.20693093494815445	-0.17491391270633477	0.13962833954109147
1629.SubjectIBD301	-0.11177337543774486	0.07286601520232719	-0.10439162504843198
1629.SubjectIBD510	-0.16930130285460052	0.009013149296884513	-0.06382724464703132
1629.SubjectIBD242	0.15808359459281526	0.04218471307054254	0.10776586793456586
1629.SubjectIBD357	-0.09662160275228254	0.10644583077702124	-0.019694752118140726
1629.SubjectIBD623	0.001720297444146971	0.11725859619645174	0.05119874204907999
1629.SubjectIBD695	0.1635170610612415	0.04012236632741973	0.04996172425830192
1629.SubjectIBD540	-0.2681077847939752	-0.16471708041120964	0.09912721886040902
1629.SubjectIBD063	0.42533292621223023	-0.21275153824828993	-0.052963496265773694
1629.SubjectIBD447	-0.11899755077475677	0.07167823238335438	-0.05696690305773199
1629.SubjectIBD102	0.13386777183180293	0.0801061710292409	-0.037354895732309455
1629.SubjectIBD289	-0.06715508186579104	0.041411337121287875	0.1276985300131033
1629.SubjectIBD349	0.1725800502121397	0.11711935801566234	0.0979643271976026
1629.SubjectIBD356	-0.025143556941822916	0.11646508350393411	0.01082456500712216
1629.SubjectIBD267	-0.09281807636707769	0.05946316970883189	0.08542392794642978
1629.SubjectIBD553	0.21559074863579678	0.085131731389194	0.11635626032799982
1629.SubjectIBD646	0.1256918655334089	0.14480996170348756	-0.027306484092314072
1629.SubjectIBD402	-0.1502866156062969	0.04900471665678564	-0.129241341492169
1629.SubjectIBD166	0.32180460702331437	-0.07306530109072551	0.16887460444829114
1629.SubjectIBD477	-0.10192262780206235	-0.15227928250951486	0.1355016355803374
1629.SubjectIBD501	-0.10818422410118077	-0.09443486851350426	0.13724579066354994
1629.SubjectIBD018	-0.020179427270334727	0.15912164973391763	0.03346603758313751
1629.SubjectIBD296	-0.15748881730634343	0.05228121229941077	-0.17883243338714092
1629.SubjectIBD491	-0.07666575292236426	0.13237150343915294	0.03652993510281702
1629.SubjectIBD127	-0.18628662418846323	-0.10392803599682653	0.14333164537622464
1629.SubjectIBD292	-0.2146162250409425	-0.02633393632392967	-0.13788459415970603
1629.SubjectIBD005	0.10380151484614353	0.10234163052629293	0.011618284641156017
1629.SubjectIBD382	-0.050908009407557166	0.1231025019663546	0.10038850525033406
1629.SubjectIBD332	0.31222285032436137	-0.08593907652042979	-0.06639005791703147
1629.SubjectIBD427	-0.0465866663617197	0.14732036058329223	-0.07384698354924694
1629.SubjectIBD234	0.08721630737070855	0.12345011631579	-0.010957475635055959
1629.SubjectIBD445	-0.028144843820496205	0.13373556897763964	0.02589622531933019
1629.SubjectIBD170	0.1118387872504342	0.04235484167461002	-0.11465502950336921
1629.SubjectIBD561	-0.23533194755689302	-0.16628780719179684	0.15411690997025232
1629.SubjectIBD317	0.45272843665301643	-0.2666200069992266	-0.02450495018129405
1629.SubjectIBD378	0.16352579264332598	-0.09864837917304171	-0.16206791743751897
1629.SubjectIBD365	0.18874847905545158	0.12224653224233122	0.024983184164887342
1629.SubjectIBD006	-0.2745534063450694	-0.22735441638332396	-0.0052332258709791605
1629.SubjectIBD206	-0.22859431468391522	-0.15432621748874326	0.09609219061882919
1629.SubjectIBD200	0.16665592338877572	0.02992525301532724	0.0723474859087954
1629.SubjectIBD586	0.2193192866091711	0.07676511795349857	0.06457277513427567
1629.SubjectIBD555	-0.09156531092850076	0.07882958343341295	-0.022250892927306302
1629.SubjectIBD113	0.41418067207082115	-0.18879575353337819	-0.033855506501374075
1629.SubjectIBD235	-0.10772927076375712	0.021727273142906848	-0.019695906014866676
1629.SubjectIBD082	-0.10000091289323039	0.12257157171706844	-0.051695504217290716
1629.SubjectIBD481	-0.06825542997828898	-0.0026301165954084474	-0.04286223529465434
1629.SubjectIBD535	-0.127709959461363	0.1265712927149714	-0.009043596539884293
1629.SubjectIBD498	-0.15502030255090146	0.08690906313107478	-0.002066137017505983
1629.SubjectIBD458	0.24190452929468081	0.06237319233029115	-0.009876993235914651
1629.SubjectIBD411	0.1670699447487693	0.14608155317508437	0.11794894321355859
1629.SubjectIBD083	0.06668409876084437	0.058529069870986355	-0.20510334186509102
1629.SubjectIBD204	0.24785562069480463	0.050686126622057015	0.07730235046892431
1629.SubjectIBD079	-0.02624121315849998	0.13342162861273996	0.030803179920152912
1629.SubjectIBD691	0.3012877961982591	-0.007926656006087471	0.020143430231997772
1629.SubjectIBD158	-0.2529667835785596	-0.16476537395315016	0.07971891013350949
1629.SubjectIBD072	-0.22602385980736625	-0.11258906475817188	0.06762111012232057
1629.SubjectIBD047	-0.07949947731480782	0.07200252287926445	0.037853316948333174
1629.SubjectIBD642	0.13038217594164905	0.0888789936149021	0.177459508890755
1629.SubjectIBD227	-0.11181948685729513	0.04458282837008998	-0.11297487169344193
1629.SubjectIBD167	0.27689807636267394	-0.03380969278283594	0.18363408565625905
1629.SubjectIBD392	0.1125571570906002	-0.00799827805673348	0.051778125626824836
1629.SubjectIBD571	0.2505641625186319	0.04076949873374717	0.11648135477974973
1629.SubjectIBD377	0.17443625849432476	0.11666877538811096	0.011464081111561553
1629.SubjectIBD106	0.40302658766659455	-0.1654130012528946	0.012710606828184645
1629.SubjectIBD201	0.08348303163914884	0.029028827146591853	0.02183399245976404
1629.SubjectIBD372	0.2836378958269543	-0.04489623102721235	-0.21210922629221857
1629.SubjectIBD521	-0.14311832183871223	-0.005520174245224903	0.013173563614320573
1629.SubjectIBD538	-0.2526542447212192	-0.1681936066607103	0.0747170860424919
1629.SubjectIBD389	0.2498524112691505	-0.07003168112200188	0.126183734182699
1629.SubjectIBD523	-0.304626470662234	-0.18615021491930608	-0.019835659324536924
1629.SubjectIBD069	-0.07173734050951491	0.12146920117830821	-0.0731583101705158
1629.SubjectIBD318	-0.26857017299719643	-0.21804133037120726	-0.03482310326897955
1629.SubjectIBD361	0.15206735986489467	0.0842128344474674	-0.18644408653395453
1629.SubjectIBD290	-0.26455078392832004	-0.13161491962096605	0.07944936763072467
1629.SubjectIBD572	-0.05198626363233213	0.07856823375502697	0.08162403671360265
1629.SubjectIBD398	-0.06482730085061	0.037112947824155834	-0.09490993719043313
1629.SubjectIBD490	-0.07873224645760088	0.12599450392309325	-0.04080284814210123
1629.SubjectIBD035	-0.18597406039442296	-0.018028723368381624	-0.06190638867505225
1629.SubjectIBD314	0.3877309950806898	-0.17712240982906077	-0.10463930483076543
1629.SubjectIBD436	-0.1208700367536925	0.09260458861304441	-0.010106938044875221
1629.SubjectIBD450	0.22702809129808055	0.12034770041758878	0.05786180527782086
1629.SubjectIBD524	-0.29043720890364455	-0.2155084354924582	-0.059284040417788564
1629.SubjectIBD342	0.3049501595513188	-0.05662533662078672	0.017780857769358723
1629.SubjectIBD043	-0.13622445306178765	-0.06829988655335587	0.21772291828392137
1629.SubjectIBD455	-0.0760970785560443	0.09922635052799518	-0.15165132412450924
1629.SubjectIBD547	-0.19363959551454987	0.0332217212646716	-0.052041171443609764
1629.SubjectIBD456	0.08602584045348824	0.04347651764902905	0.0717266904943795
1629.SubjectIBD308	0.179144335009394	-0.05213595605238959	-0.04818421639922949
1629.SubjectIBD216	-0.2055839260374792	-0.1007522289721676	0.06447327142439377
1629.SubjectIBD250	-0.11095436504263692	-0.0035210144933207842	-0.14745440232280016
1629.SubjectIBD371	-0.023215064029785494	0.0803818263358382	0.005969039930348055
1629.SubjectIBD261	0.3632008653444789	-0.17805253212646102	-0.03026758169188076
1629.SubjectIBD354	0.21811205703539077	0.029450752126408884	0.07102814487322216
1629.SubjectIBD003	-0.2602669171450967	-0.1719826831097987	-0.031153161442669306
1629.SubjectIBD451	-0.25652894935297693	-0.15266901397496918	0.08296328293731639
1629.SubjectIBD209	0.15355329644450158	-0.015534964716809103	0.005169996427368497
1629.SubjectIBD031	0.38291310210000284	-0.14824550246294116	-0.12741253210398037
1629.SubjectIBD409	0.0555686553188897	0.16061906340346252	0.06705908680041116
1629.SubjectIBD615	-0.09411304114377989	0.08754470494036935	-0.07685189125103499
1629.SubjectIBD196	-0.2725158480137664	-0.23290372143663574	0.028814268166565626
1629.SubjectIBD016	-0.10254230361794653	0.10371720938866544	-0.017506670613214193
1629.SubjectIBD282	-0.19292243739000345	-0.03661851035132674	-0.09217234532832998
1629.SubjectIBD264	-0.12366918523098262	0.10003329977585221	0.01736953832507173
1629.SubjectIBD461	-0.18619185797587184	-0.14006496654572917	-0.03029650905290969
1629.SubjectIBD077	-0.1037416363359196	0.08246856745501291	-0.06128880008191828
1629.SubjectIBD168	0.096840103629905	0.05167200228345983	0.0030819569824251463
1629.SubjectIBD248	0.08793823386079593	0.11648270890480265	0.08340076422865221
1629.SubjectIBD552	0.15994723602937796	0.10881013722446405	0.004767124482827604
1629.SubjectIBD004	0.11537237916411568	0.1377953758647206	0.041340355672361495
1629.SubjectIBD323	-0.07068619475893649	0.135762112136598	-0.04614037111077671
1629.SubjectIBD240	-0.12179511380096635	0.10393582539220161	-0.08265858810479453
1629.SubjectIBD327	0.3829947929510577	-0.25250463998477185	-0.18578198163899243
1629.SubjectIBD032	0.38744218416042264	-0.1651072881395289	-0.08871997812190255
1629.SubjectIBD420	-0.2631964621645943	-0.1385847571214577	-0.038080948508810206
1629.SubjectIBD056	-0.042561540151464676	0.10907689184757081	0.0003476200585791063
1629.SubjectIBD509	-0.07737989592952682	0.05323758993377728	-0.10093026909498368
1629.SubjectIBD578	0.2960201646589319	-0.06425583483294765	0.11060726799480147
1629.SubjectIBD670	-0.04541038558048248	0.13790004026084185	-0.10140987329622796
1629.SubjectIBD503	-0.006047956583460933	0.06796736872873259	0.023434546276281325
1629.SubjectIBD300	-0.08151537562721656	0.11764241040878592	-0.1415589057537457
1629.SubjectIBD496	-0.283912678509024	-0.2008114181258751	-0.05772687506605733
1629.SubjectIBD036	-0.17136753055886375	0.03133161420351909	-0.02435768889007739
1629.SubjectIBD256	0.3810976190318147	-0.18457361489178803	0.008485118592511208
1629.SubjectIBD515	-0.2462783156935175	-0.13370375297170475	0.11211925596650854
1629.SubjectIBD297	-0.07166255964638865	0.07961034895263426	-0.17766525169013467
1629.SubjectIBD060	-0.08926929750055924	0.11178487457209829	-0.14383263103563293
1629.SubjectIBD542	-0.20406456323090036	-0.024385511181625266	-0.045646120849173175
1629.SubjectIBD472	-0.12358798178875546	0.13333898150794635	-0.032275546071393865
1629.SubjectIBD017	-0.017719719618223693	0.13008384609733298	0.07573073260851886
1629.SubjectIBD303	-0.12539489009016874	0.08654856261734677	-0.09138944981724774
1629.SubjectIBD437	-0.0073649869620740814	0.07681369428416136	-0.08086562743555548
1629.SubjectIBD179	-0.02376790071232926	-0.04386222191152727	-0.11224401539905259
1629.SubjectIBD426	-0.14075997856533126	0.09667669067863036	-0.1662248656844559
1629.SubjectIBD124	-0.18302311247222838	-0.18242502054029197	0.14352312333530143
1629.SubjectIBD401	-0.14766744219937944	0.08217881680215149	-0.14977838724218684
1629.SubjectIBD298	-0.05712515576760145	0.003949544287399606	-0.16500816013269934
1629.SubjectIBD468	0.12044672933937563	0.06036506288227169	-0.10472996838252961
1629.SubjectIBD222	0.02833828994667231	0.033774722938414	-0.06845612463135108
1629.SubjectIBD274	-0.21251042405174056	0.014190536508238264	-0.09821685478520009
1629.SubjectIBD281	0.10543414187371873	0.0788370517335255	-0.02134620291598815
1629.SubjectIBD526	0.08559733245873445	0.11461103275580908	0.005705756203378185
1629.SubjectIBD119	-0.20630623615073967	-0.12667006850771637	0.14247397857990826
1629.SubjectIBD211	0.015801194716954767	0.11297873439279835	-0.02402529933995845
1629.SubjectIBD550	0.06441202542774098	0.11874699888036001	0.12274651238372657
1629.SubjectIBD013	-0.19417456477220493	-0.15822628826072	0.1489064536195459
1629.SubjectIBD076	-0.09641199144504695	0.07900518294219562	0.02322451972554347
1629.SubjectIBD434	-0.1050501425120676	0.09642923456362225	-0.0944657413293264
1629.SubjectIBD379	-0.2298194131731204	-0.2196093422386556	-0.030329710647337065
1629.SubjectIBD529	0.12081319655526121	0.05312192737162734	-0.12080608333490656
1629.SubjectIBD527	-0.28726838829678086	-0.24467124672194207	-0.09937260162524836
1629.SubjectIBD007	-0.305955446400863	-0.19376848122207652	-0.009486558973140082
1629.SubjectIBD331	0.17185521600473055	0.04161339564325591	0.020597337738828922
1629.SubjectIBD171	0.2944716891178016	-0.009137452785239761	0.004769102745610926
1629.SubjectIBD175	0.31011404468519793	-0.010083409512491707	0.008724276570867428
1629.SubjectIBD039	-0.11667108310356177	0.08014272245321923	0.04440267156675452
1629.SubjectIBD122	-0.25685257741248974	-0.20345706363834493	-0.016669189760900507
1629.SubjectIBD164	0.3912071412213727	-0.21450354102296554	-0.041688457201013926
1629.SubjectIBD019	-0.07450666550637239	0.14917160399888885	0.0421978639391789
1629.SubjectIBD024	0.3761737168774311	-0.06460810739708159	0.06198821708835365
1629.SubjectIBD399	0.33140255338722285	-0.05412766142821312	-0.03781219958765476
1629.SubjectIBD084	-0.059325695954100394	0.0958418767965514	0.04707090402701251
1629.SubjectIBD499	-0.17810605531711546	0.0733622878662687	-0.1490586386686322
1629.SubjectIBD724	-0.07766045264267113	0.11787261855857599	0.11690795311755574
1629.SubjectIBD706	0.10920121298503213	0.06471431893575545	-0.0005635739732955882
1629.SubjectIBD579	-0.15021022702299808	0.06936587159869034	-0.10566517942362356
1629.SubjectIBD537	-0.12902802573853495	0.040201286924293735	0.09229902379775541
1629.SubjectIBD262	-0.0651624629184062	0.058773438991991486	-0.03480480075671826
1629.SubjectIBD351	0.14857428753433943	0.09857788199837361	0.0034180746095568014
1629.SubjectIBD153	-0.07649719961210592	0.06394179850100562	-0.1584783203760474
1629.SubjectIBD311	0.1770813689862269	0.04762080867365198	0.018529509310619238
1629.SubjectIBD485	-0.2183358718638304	-0.04328742924042263	-0.11020799839790042
1629.SubjectIBD388	0.29173891815888375	-0.09705193558450949	0.041469167322722586
1629.SubjectIBD207	0.21249089399948842	0.036873130953722626	0.022032761975086763
1629.SubjectIBD644	0.30931390588716645	-0.0884195046408148	0.11699331781807265
1629.SubjectIBD214	-0.01482873026127669	0.03437191195406396	-0.17364044529281047
1629.SubjectIBD431	-0.1626171626773761	0.06642561295047915	-0.13114467841649338
1629.SubjectIBD048	0.0068401224283376125	0.14180804048479212	0.09243369105826638
1629.SubjectIBD027	0.33516837499993696	-0.2574561984457078	-0.16129943373966327
1629.SubjectIBD138	0.28320713868852326	-0.014080126167516301	0.1620896898034033
1629.SubjectIBD080	-0.0332215086253814	0.12699724811755833	-0.03369335450573534
1629.SubjectIBD051	0.18259673635640952	0.06817119981911134	0.22210823817699188
1629.SubjectIBD245	0.1886695203525609	-0.0011491079370870407	0.06179708616592363
1629.SubjectIBD068	-0.05630215714770179	0.09164898116447798	-0.012207656841537705
1629.SubjectIBD471	-0.11972878721508273	0.12519450399418997	-0.025519513716467476
1629.SubjectIBD258	0.3147220550078128	-0.09572020091684796	-0.10058171722436912
1629.SubjectIBD044	-0.13998230390079217	-0.07840974009258804	0.2459865111931988
1629.SubjectIBD186	0.13280963765904466	0.11389780782069857	-0.03810680244126418
1629.SubjectIBD449	-0.26133021703565634	-0.11015494535314024	0.03005422649813231
1629.SubjectIBD029	0.3841487231871835	-0.12681041675476157	0.15080052929597831
1629.SubjectIBD259	0.34344278440428794	-0.1264002160048806	-0.023663346997440576
1629.SubjectIBD525	-0.29998707374764055	-0.25553237820127256	-0.10946977938134905
1629.SubjectIBD309	0.06318983199004627	0.08055246421669607	0.018744630988435283
1629.SubjectIBD205	-0.15128482834303192	0.06688077683363944	0.014159366586974694
1629.SubjectIBD099	-0.17987627929905084	-0.15188350120194608	-0.013019725840502738
1629.SubjectIBD203	0.03135794461091138	0.04372394920259671	0.024720891867964976
1629.SubjectIBD391	-0.14974988786913787	-0.016587454752828846	-0.051996063781770054
1629.SubjectIBD152	-0.14741084906460258	0.02786390428786935	-0.1700241758939753
1629.SubjectIBD617	-0.02223561952971625	0.10395298382946128	0.15834407040947338
1629.SubjectIBD208	0.32769312130695644	-0.07278344467011666	-0.1241420968851269
1629.SubjectIBD059	-0.10480414061624098	0.10899456118587666	-0.05403021566104272
1629.SubjectIBD328	0.11552858444945761	0.054430534025347886	-0.09269613478135946
1629.SubjectIBD353	0.01821259618282521	0.0826029558516492	-0.10208989144081236
1629.SubjectIBD315	0.37040629729562363	-0.12136248118166817	-0.05360689447535327
1629.SubjectIBD352	-0.28526542290676277	-0.2535874907622844	-0.04036097339573993
1629.SubjectIBD229	-0.10502971481825057	0.05072658659466961	-0.3047466233522257
1629.SubjectIBD306	-0.049760549722337025	0.10495895838237154	-0.019208780303497847
1629.SubjectIBD324	0.07699253934613974	0.07867889805625031	-0.19026106083353644
1629.SubjectIBD715	0.24147729219385805	-0.04152764284903099	0.07448070397475587
1629.SubjectIBD536	-0.09484356091305876	0.07563833313453748	0.0279981667006077
1629.SubjectIBD155	-0.24299098132118419	-0.18179577833175084	-0.040694382990665
1629.SubjectIBD721	0.13921086779233902	0.14911436449769822	-0.003549854761877508
1629.SubjectIBD046	-0.08482590704129185	0.12281644659284191	0.01820878261134943
1629.SubjectIBD232	-0.08526843249520157	0.08617749316755899	-0.04734129101528353
1629.SubjectIBD383	0.17268766443374864	-0.014075802288930517	0.12674061039603268
1629.SubjectIBD569	-0.15313163810333086	0.03547169669650139	-0.02485615516989262
1629.SubjectIBD346	0.11154109205569973	0.14715033799307628	0.07877295980814575
1629.SubjectIBD530	0.10080572788286966	0.046367297114548275	-0.10987810717651295
1629.SubjectIBD416	0.029423703087209045	0.15980135788696684	0.009161260306768455
1629.SubjectIBD128	-0.079996958303139	0.043312929371061876	-0.000495497406662085
1629.SubjectIBD465	-0.27405098084588786	-0.15438881957336406	-0.10316695394257872
1629.SubjectIBD176	0.3445589602295966	-0.052458090807559164	-0.03624908113440639
1629.SubjectIBD182	-0.17845315270401163	-0.19514672447228257	-0.048977030606181984
1629.SubjectIBD133	-0.23936109071726472	-0.12373258091585845	0.03186599212819123
1629.SubjectIBD252	-0.06408707441640671	0.09304581576709665	0.0032294334584508366
1629.SubjectIBD672	-0.10236458658904928	0.08837331329337172	-0.07914850370776626
1629.SubjectIBD312	0.3983175889148436	-0.20463658535185356	-0.02804976254972683
1629.SubjectIBD218	0.14986560948440314	-0.03989103658174256	-0.20516379073894758
1629.SubjectIBD040	-0.18575744703877556	0.03337016813134982	-0.07081516194841167
1629.SubjectIBD624	0.17093628470988434	0.004214147562630029	-0.08188853150535098
1629.SubjectIBD103	-0.0422123656793984	0.10862169795513946	-0.2206906341211167
1629.SubjectIBD295	-0.20943935979257478	0.032936319370255214	-0.1336334238153357
1629.SubjectIBD626	-0.14956564019433438	0.13533790160505219	-0.09018967346949204
1629.SubjectIBD233	0.3734888371800728	-0.17239475768957307	-0.06309871438672802
1629.SubjectIBD045	0.04516960428990633	0.08103769854467653	0.0933230000070786
1629.SubjectIBD387	0.32436781719838803	-0.0940722695787172	-0.02414395559764922
1629.SubjectIBD628	0.11909765321006514	0.13912233339537716	0.07937407977456497
1629.SubjectIBD467	0.07335888328395639	0.04239220407707506	-0.1765568653745325
1629.SubjectIBD100	-0.21040169080946128	-0.14911153273875616	0.012481648445559315
1629.SubjectIBD404	-0.010231763499776694	0.09749965806567934	-0.02684292403426147
1629.SubjectIBD414	0.15419491252406242	0.14916094109498487	0.014443823105862225
1629.SubjectIBD042	-0.15517373685691696	0.03994488450908543	0.036379456148793336
1629.SubjectIBD413	0.16233786557789268	0.139561081344704	0.10163753511891713
1629.SubjectIBD494	-0.03561953724444877	0.13464698385796472	-0.024277536220132474
1629.SubjectIBD425	0.12530952381860372	0.0733576277545776	0.0679488490614062
1629.SubjectIBD097	0.0031861812099261942	0.12098783490548537	-0.02495502240538904
1629.SubjectIBD344	0.3174172754903956	-0.060862249313624606	-0.06467295784851361
1629.SubjectIBD088	-0.27459325825487974	-0.1839923739399267	0.15503393440233776
1629.SubjectIBD630	0.03371283487764199	0.07963225928532251	0.1162040294584503
1629.SubjectIBD137	-0.255214429002504	-0.09300078365338343	0.02209174052595978
1629.SubjectIBD238	-0.10069694344138787	0.09591113054488694	-0.06724813957825315
1629.SubjectIBD421	-0.3012955594510043	-0.22084230601092042	-0.07757037738014137
1629.SubjectIBD202	0.24984602517961751	-0.039005449064338685	-0.08168550407018445
1629.SubjectIBD544	0.16457444088444195	0.017956397929957034	0.12470625673304553
1629.SubjectIBD422	0.010348999044618518	0.1495644011563658	-0.05178300159658281
1629.SubjectIBD522	-0.2893354344516365	-0.19287989451430668	-0.005127112089428607

Biplot	0	0

Site constraints	0	0
