Eigvals	3
26.915121173025327	20.48581266036949	16.39453139791039

Proportion explained	3
0.12951339166759124	0.09857607779861643	0.07888916243379948

Species	0	0

Site	616	3
1629.SubjectIBD335	-0.18916640211290356	0.10541969258640953	0.00873811759497111
1629.SubjectIBD643	-0.23474429834269547	0.08213980867560852	-0.06353846266983972
1629.SubjectIBD539	0.00314304976064005	0.09111392799321226	0.09823659109792097
1629.SubjectIBD078	0.1033839230184047	0.050014585471786346	0.1514107904475381
1629.SubjectIBD671	0.10202023743391339	-0.4937641175498527	-0.02443364698497499
1629.SubjectIBD067	-0.07703317244207722	-0.045391324542674284	-0.000848330874622902
1629.SubjectIBD276	-0.04574968481754636	0.021231029408751215	0.015698120080268736
1629.SubjectIBD419	0.04495741162203877	0.06725661056148907	0.3036347399480633
1629.SubjectIBD243	-0.1957805078869579	-0.08821399066185787	-0.19166287037418764
1629.SubjectIBD284	-0.1698732739148171	0.12055684473757501	-0.0390008439612755
1629.SubjectIBD026	0.2298140029011559	-0.580752708791389	0.028490494654485228
1629.SubjectIBD345	0.029840713301069396	-0.0485795330576728	0.20417190783408812
1629.SubjectIBD199	-0.2281815930503404	-0.07659124066909827	-0.19847364406716198
1629.SubjectIBD390	0.0032281608358448208	-0.16349285036815997	0.07641573322306335
1629.SubjectIBD237	-0.09336694167765296	0.14071557569535126	0.10136904753586222
1629.SubjectIBD210	0.3072616978922099	0.10385677458108337	-0.20575290046981282
1629.SubjectIBD263	-0.13782748290389774	0.1344209024679538	0.07988874923520362
1629.SubjectIBD173	0.1406847108674702	-0.1643476563726804	0.1332924902497149
1629.SubjectIBD268	-0.002776512346173418	0.10634559577402984	0.2593374861411024
1629.SubjectIBD326	-0.2652016334786748	0.013780610329072029	-0.06290087860986188
1629.SubjectIBD246	-0.017328290127359	-0.10773626687736688	0.05748151332467335
1629.SubjectIBD302	-0.15300372508248508	0.10343043127001435	0.00239834285316577
1629.SubjectIBD118	0.16389439474760698	-0.3219823742950137	0.05938665637757505
1629.SubjectIBD105	0.003404424827183527	0.11532404470371933	0.2379745297019697
1629.SubjectIBD334	0.1842249259223521	-0.5402675053734406	0.049683336633122986
1629.SubjectIBD271	-0.2989206273578265	0.05350134550904471	-0.17720019825905806
1629.SubjectIBD260	0.17246326407969473	-0.3144242593552721	0.08309939988758273
1629.SubjectIBD407	0.49679748910288246	0.20947370696051001	-0.26606138877569935
1629.SubjectIBD275	-0.07546787898852923	0.018137165933871935	0.009608050474356719
1629.SubjectIBD254	-0.1449308350273256	0.10790133097711264	0.11645498719586321
1629.SubjectIBD614	0.10528149911519315	-0.09594450923313172	0.05508455727620917
1629.SubjectIBD021	-0.14381681779930527	0.06484169268007346	0.07409973651729031
1629.SubjectIBD150	0.12165477197213807	0.02544809731122684	0.33549551528427646
1629.SubjectIBD291	-0.0032704674097497484	0.052299527588616834	0.036718259529748005
1629.SubjectIBD430	0.23153241428025265	-0.6002650645511075	-0.0130472084257312
1629.SubjectIBD405	0.0353657094031543	0.11439967686794851	0.212077284903034
1629.SubjectIBD545	-0.011077625931950986	0.031211365114818992	0.1456442244346316
1629.SubjectIBD338	-0.18372424184906444	0.10146242793644214	-0.007745771077924366
1629.SubjectIBD310	0.1698670651809149	-0.2508142648843168	0.1538377600617617
1629.SubjectIBD089	0.22550178689278955	-0.5365259651230809	0.01810006444459882
1629.SubjectIBD111	0.16213564463487032	-0.577677181445255	-0.012734652186684363
1629.SubjectIBD364	-0.33128589414521065	-0.001891255607456923	-0.16801958107891293
1629.SubjectIBD418	-0.2938301762788307	0.09115709765592592	-0.09101982608257429
1629.SubjectIBD470	0.026309128807161956	0.04183718241976942	0.18073496643769965
1629.SubjectIBD380	0.22739886066810905	0.08496111807474509	0.09878277028817622
1629.SubjectIBD224	0.4383028848984605	0.18654916111609812	-0.1991732060903404
1629.SubjectIBD504	0.37824361075220025	0.20528738045973666	-0.13410705556543837
1629.SubjectIBD148	-0.05527843553991852	0.12027052752275143	0.1085557278552584
1629.SubjectIBD163	0.22833399198923773	-0.5750168982094408	0.07999014429022981
1629.SubjectIBD469	0.10757821796997323	0.05546916291016836	0.3018822926898143
1629.SubjectIBD181	-0.20124024049143605	0.060635917046015626	-0.039284230195714705
1629.SubjectIBD558	0.010521650814874247	-0.35165362205840694	0.03786221502192345
1629.SubjectIBD278	-0.08929085543044273	0.12336889873688836	0.17316031475341853
1629.SubjectIBD285	-0.09675632984295009	0.013204611425589974	-0.19637623207615218
1629.SubjectIBD049	-0.23287994814714805	0.10477718547575306	-0.037217567659771154
1629.SubjectIBD479	-0.16225062203090795	-0.17034735388059744	-0.11144523832763079
1629.SubjectIBD160	-0.04818675202767825	0.062971706711917	0.13273248988130976
1629.SubjectIBD144	0.16840253573687483	-0.24880417182233258	0.11845858377352493
1629.SubjectIBD053	-0.12219486449353402	0.008671069231432831	0.08256779820924973
1629.SubjectIBD123	0.032143093403855724	0.11338263142051642	0.10339275323462253
1629.SubjectIBD518	0.35421442807510095	0.19556699958772952	-0.3273539127565336
1629.SubjectIBD374	-0.3150962844696798	0.04215167565947849	-0.138042319899424
1629.SubjectIBD120	0.23509909253428482	-0.615399308821965	0.022870150197721394
1629.SubjectIBD548	0.07685374068520959	0.03214591925001546	0.27143979722882783
1629.SubjectIBD454	-0.18959077322140924	0.126947020668461	0.0348309871694014
1629.SubjectIBD489	0.03938429406358202	0.01873466731325067	0.2180720124212414
1629.SubjectIBD480	-0.1693280821216577	-0.1151713753967638	-0.04771343215213312
1629.SubjectIBD408	0.00758405095750271	0.07888565198220628	0.174817435112015
1629.SubjectIBD532	0.07442662630614795	0.13079524988189728	-0.08491194582721444
1629.SubjectIBD373	-0.18935452095492894	-0.011227688657551098	-0.022786856727074124
1629.SubjectIBD533	0.12964032254244393	0.22789726290138929	-0.09054698920846399
1629.SubjectIBD012	-0.20490894440548113	-0.04345871397783355	-0.20898956508991726
1629.SubjectIBD516	-0.08078518811786946	0.06610481199874273	0.018784096990041566
1629.SubjectIBD030	-0.18232925718640444	0.08421983522933661	-0.02727474519622987
1629.SubjectIBD565	-0.1813576051605754	0.09057043685485279	-0.0675955546889225
1629.SubjectIBD130	0.10747704376179633	0.06815445519454807	0.03931229285256998
1629.SubjectIBD412	0.07360319613908696	-0.02180495171406868	0.1444875705928431
1629.SubjectIBD109	-0.1873035023094034	0.02590229492178522	-0.1720700267114181
1629.SubjectIBD473	-0.2351008893397311	0.0681789799457935	-0.09055687815604467
1629.SubjectIBD277	-0.11427863555059596	0.14012519703692874	0.1458933781471692
1629.SubjectIBD423	0.032002001319886064	0.09563463064292783	0.17902385101849155
1629.SubjectIBD384	0.0030475571398727672	-0.49059480264167477	-0.08277652719988432
1629.SubjectIBD505	0.44390286780700566	0.1711436911540746	-0.2290314701199902
1629.SubjectIBD028	0.2202553383318063	-0.5547948536375084	0.04239458039063084
1629.SubjectIBD037	-0.1498282475615841	-0.079228312583521	-0.0038640104785984497
1629.SubjectIBD551	0.2027069941181229	-0.4895924508437081	-0.024018795161922204
1629.SubjectIBD134	0.00815269704918325	0.12828054293993194	0.1388299934482014
1629.SubjectIBD366	-0.08200815552104206	0.023235102391190046	0.1253479906539167
1629.SubjectIBD294	0.007173830070664281	0.10300269035419232	0.12691771519298672
1629.SubjectIBD362	-0.3564795638112791	-0.08286387893941305	-0.3058469025788285
1629.SubjectIBD020	-0.13625794051562962	0.10958601395547093	0.08349471381212276
1629.SubjectIBD341	0.44471742924048435	0.023907297261564004	-0.352151214073653
1629.SubjectIBD038	-0.03676324671111847	-0.07211380535974281	0.11576638938535969
1629.SubjectIBD514	0.44675948128494997	0.2000905569805193	-0.203019434814124
1629.SubjectIBD151	-0.10724114705959932	0.14662163062890776	0.053555576091786156
1629.SubjectIBD321	0.024680680485968914	0.05798220174460335	0.08050420168494794
1629.SubjectIBD287	-0.1969926079456638	-0.05714956203789217	-0.27029751159292476
1629.SubjectIBD239	-0.10378737413658747	0.16293009065923375	0.08178388615426614
1629.SubjectIBD573	-0.061847489754155834	0.08291720328022219	0.03663362057973935
1629.SubjectIBD162	-0.159534564165433	0.06406278158261997	0.05958849156298851
1629.SubjectIBD165	0.23238200022222807	-0.5709693886229652	0.04159558821202694
1629.SubjectIBD041	-0.041039647211270014	-0.07543116279991392	0.06635774026645157
1629.SubjectIBD483	0.11323824948364229	0.08172032049173121	0.19707139840145338
1629.SubjectIBD058	-0.08428369769715333	0.045260126641169046	0.08779685532881726
1629.SubjectIBD410	0.4396163022026414	0.24400880495541194	-0.2601104620328335
1629.SubjectIBD358	-0.13285481828844917	-0.00438516735318059	0.11437854109984773
1629.SubjectIBD054	-0.25422338834872915	0.10094930401111842	-0.052804945834191486
1629.SubjectIBD156	0.01320914104142247	0.10065353854538138	0.13523777986317279
1629.SubjectIBD193	-0.0037386622230207237	0.14502271415876924	0.17058114310854292
1629.SubjectIBD386	0.14503263019006457	-0.5746798758209368	-0.006180615830707993
1629.SubjectIBD142	-0.3100017695430679	-0.12322257802357833	-0.3378617456595532
1629.SubjectIBD286	-0.049569779621933596	0.06698877875293259	-0.24838214413274182
1629.SubjectIBD519	-0.05758511290978533	0.13317902921348204	0.0654742626802139
1629.SubjectIBD511	0.5092339955911084	0.20643544916254083	-0.3125492284244772
1629.SubjectIBD197	0.06905247443039582	-0.06678144505647325	0.07986308514899644
1629.SubjectIBD517	-0.18390622485333133	0.10387947919728469	-0.044657633935005756
1629.SubjectIBD394	-0.07436272427399998	0.03787074899983124	0.15039668072708384
1629.SubjectIBD442	0.12498712530493818	0.09940027759271063	0.2338275818306787
1629.SubjectIBD139	-0.03441945824672716	-0.1354418522960324	0.016275686010342016
1629.SubjectIBD720	-0.04951076430950768	0.10642118561269073	0.16778176317634017
1629.SubjectIBD475	-0.12391100477431342	0.005371811829168242	0.03869273363858068
1629.SubjectIBD348	0.07951660407521974	-0.03095256583396304	0.27774417344874325
1629.SubjectIBD508	0.4987415519174708	0.19016515482118077	-0.3009909990278847
1629.SubjectIBD612	0.07779513044121744	0.06882328703491997	0.09038385657836909
1629.SubjectIBD249	-0.31215353694066605	-0.1590947694113877	-0.3224694774913958
1629.SubjectIBD091	-0.0855586510635302	0.04609733487257635	0.11942759197306789
1629.SubjectIBD492	-0.09727288864256631	0.1158187324899537	0.09291778756305447
1629.SubjectIBD146	0.18207481872246953	-0.25044832729284733	0.2065721269642076
1629.SubjectIBD397	-0.17925131268250163	0.1046928874111668	0.009852833569276194
1629.SubjectIBD272	-0.21427346974592912	0.08883748946697344	-0.10777848914362513
1629.SubjectIBD187	0.32122109330020504	0.17273278069138392	-0.12525077703091522
1629.SubjectIBD236	0.3966947501025413	0.21806737720051372	-0.2070488487372029
1629.SubjectIBD180	-0.19033335252359865	0.11230149312130493	0.05032561376577592
1629.SubjectIBD136	0.25981950735771603	0.27297845957644346	-0.12162187931838284
1629.SubjectIBD400	0.0476760915574021	0.12228120734965005	0.2838715521504811
1629.SubjectIBD125	0.14618329877353278	0.007169105626624916	0.23528742481285472
1629.SubjectIBD336	-0.15538613432552326	0.11621349247974261	0.029734663307562584
1629.SubjectIBD330	0.044920404192026274	-0.32313953522951216	-0.10265199607800277
1629.SubjectIBD116	-0.2752265874038059	-0.16640345139484394	-0.2483514654566827
1629.SubjectIBD101	-0.06171385297669096	0.09494014965123485	0.13336428951508872
1629.SubjectIBD001	-0.25553192108059875	-0.1990471719377382	-0.24323349995248883
1629.SubjectIBD316	0.1666348818854337	-0.29772306198109916	0.06614133092848877
1629.SubjectIBD621	-0.18471415309571793	0.07323191320194014	-0.0021616301624891934
1629.SubjectIBD230	-0.29167166607134076	0.05838622917599267	-0.1826463206336188
1629.SubjectIBD307	0.28798140585556786	0.16332934258127807	-0.10204422133575286
1629.SubjectIBD244	0.04204663510107154	-0.12336705865999895	0.11506362270829146
1629.SubjectIBD453	-0.22623470149174663	0.08020752604203363	-0.036329480795766
1629.SubjectIBD433	-0.15975704465710486	-0.114034770414062	-0.1680118506481381
1629.SubjectIBD177	-0.17178312003062507	0.0612685626945216	0.025288643058281518
1629.SubjectIBD549	0.3576554669689775	0.16322268722384178	-0.34153346816905494
1629.SubjectIBD096	-0.15011183381759596	0.14127447170862653	0.04612452722401265
1629.SubjectIBD385	-0.23645614446483745	-0.2091422328296983	-0.2610945553053332
1629.SubjectIBD055	-0.21898095288889535	0.07575794992727754	-0.037784041310452675
1629.SubjectIBD265	-0.0692227285382928	0.0878552917533989	0.12155153818394658
1629.SubjectIBD678	-0.05197802270983164	-0.15470200953199156	-0.061506402248347546
1629.SubjectIBD107	0.23622834628536807	-0.5855405472976452	0.048698316946035984
1629.SubjectIBD185	-0.1604042035359233	0.08535638568602853	0.06692504256711075
1629.SubjectIBD062	-0.27078604763319325	-0.3516415480973494	-0.3084071895243435
1629.SubjectIBD464	0.001736034776138843	0.08319375720257656	0.16200888249028308
1629.SubjectIBD147	-0.03614691065162638	0.12745851351918563	0.18587313521903076
1629.SubjectIBD169	0.19597509984984884	-0.47706521310442973	0.07273265863435747
1629.SubjectIBD283	-0.09777737127215413	0.14451931895785894	0.030126865125385083
1629.SubjectIBD070	-0.044341943486038024	-0.06720741890083273	0.05169068178465827
1629.SubjectIBD266	-0.11379326628073205	0.11843653210303001	0.12650607560737287
1629.SubjectIBD484	0.025016479272673895	0.09604709304116042	0.12249618679986596
1629.SubjectIBD280	-0.181326497473764	0.0719568338429269	-0.0011450981162314314
1629.SubjectIBD087	-0.04739478934518644	0.1669754624442476	0.18915762950045764
1629.SubjectIBD117	0.15890934441475305	-0.262743461771845	0.08777727987485592
1629.SubjectIBD424	-0.13439121642863727	0.14357649419492033	0.08871071519103951
1629.SubjectIBD073	0.07707271437312303	0.11339183132400378	0.2620395595871382
1629.SubjectIBD452	-0.12896524691982444	0.040749738799106934	0.03443966267320405
1629.SubjectIBD375	-0.2936083891970914	-0.05284228756552558	-0.29037952758450636
1629.SubjectIBD580	-0.0792080578868454	0.05853151609289677	0.12993651223257463
1629.SubjectIBD333	-0.078418322193079	-0.24732321288677858	-0.14283262098411506
1629.SubjectIBD682	0.14334593731752648	-0.028329736359087743	0.107494575720756
1629.SubjectIBD226	0.41508523174953976	0.21162912966541333	-0.1449653050878733
1629.SubjectIBD322	0.06303306583337473	-0.08547457443322833	0.09929366708774766
1629.SubjectIBD403	-0.12755446698649706	0.13199113177456584	0.046687098640449676
1629.SubjectIBD145	-0.011197885174702488	-0.3589270772460306	-0.14415574874588374
1629.SubjectIBD015	0.33751130172266297	0.22719980917689192	-0.23404991623626886
1629.SubjectIBD329	0.12470557566995608	-0.3637594507244298	0.01844115471809322
1629.SubjectIBD443	-0.19097588631552334	0.013353062474134302	0.007209513011784555
1629.SubjectIBD115	-0.10157221123175621	-0.15145973839196028	-0.09885504174899301
1629.SubjectIBD183	-0.23833092332197184	0.0726226231667429	-0.02152727109127976
1629.SubjectIBD121	0.08245380791729182	0.12804239456680472	-0.05789487196868158
1629.SubjectIBD640	-0.2812515932959823	0.0537943506569422	-0.12286523479586382
1629.SubjectIBD319	0.07122399707647212	0.08622404302601804	0.2122884645749412
1629.SubjectIBD339	0.32229652185650326	-0.22506207126063832	-0.3182378415739358
1629.SubjectIBD520	-0.025787297202833997	0.06121863197869816	0.04751193823735828
1629.SubjectIBD212	0.2745466503533278	0.058287885574634025	-0.16816062824128616
1629.SubjectIBD071	-0.30457459318256885	0.055605211224383555	-0.1695121531616123
1629.SubjectIBD396	0.5426978243670766	0.12252177971568967	-0.3540380338007061
1629.SubjectIBD440	0.12152141779709306	0.11339167362204908	-0.03772147152508205
1629.SubjectIBD304	0.17650756653253286	-0.42073087011683874	0.1339989558341484
1629.SubjectIBD159	0.06718413653954756	0.12129911699931968	0.24640573731433524
1629.SubjectIBD557	0.07927442633795403	0.04022438784282421	0.0219327577222673
1629.SubjectIBD466	0.34406726854296954	0.242185705747922	-0.22164494443729832
1629.SubjectIBD486	0.11992736364487598	0.05662640924274688	0.1997570417087941
1629.SubjectIBD114	-0.27788074366528365	-0.14224224416885997	-0.25288065631350776
1629.SubjectIBD325	-0.28655289341662693	-0.03565025152810505	-0.1463961360198843
1629.SubjectIBD074	0.06328045118409917	0.09366985420559956	0.18807002017677285
1629.SubjectIBD393	0.46341894443037274	0.17827352357401957	-0.27030124496088676
1629.SubjectIBD050	-0.24873914059714453	0.030108603504237625	-0.07539117956919784
1629.SubjectIBD476	-0.08116248386324028	-0.10436793622274718	0.00577586911998007
1629.SubjectIBD601	-0.17990666824419138	-0.004251546918073582	-0.08959148921615298
1629.SubjectIBD441	0.4213130611741952	0.2190857521444912	-0.18669572122470526
1629.SubjectIBD428	0.2003195749222908	-0.4566011311061402	-0.02766087376387283
1629.SubjectIBD657	0.06003230729088079	0.10629305079329444	0.10063336926239996
1629.SubjectIBD627	-0.026279058383540735	0.14883480151973572	0.2031378542502426
1629.SubjectIBD713	-0.2769084378941175	0.06743434317282183	-0.11529451161534542
1629.SubjectIBD664	-0.010810826682132027	0.024415379125387868	0.16031370293258093
1629.SubjectIBD654	-0.13711625683064638	0.10977502973095446	0.08189092090222364
1629.SubjectIBD184	-0.08115791235963477	0.08379890632445644	0.1224007886897827
1629.SubjectIBD033	-0.12063963823408778	-0.17945048297850882	-0.15195706102023232
1629.SubjectIBD215	0.3769164873682302	0.10301110981855098	-0.2354852814059339
1629.SubjectIBD135	-0.020448162154009693	-0.0528670246305421	0.0649626154352137
1629.SubjectIBD194	-0.11054654409915939	0.12321137334348758	0.11675073833378558
1629.SubjectIBD293	-0.21141938380348899	0.1459176361656305	-0.05956696769591164
1629.SubjectIBD198	-0.15845288136487387	0.14411537211120043	0.10641974639396837
1629.SubjectIBD195	0.11164760985939093	0.03760571095271567	0.12702792545806552
1629.SubjectIBD666	-0.10083967385234059	0.024165701436444493	0.1311420590235164
1629.SubjectIBD347	0.1664864894361708	-0.3260009286535291	0.23879262293264022
1629.SubjectIBD513	0.4641113299008973	0.24235663586271677	-0.21455854841624644
1629.SubjectIBD417	0.40319572194514486	0.24621511735810178	-0.20827070096764744
1629.SubjectIBD221	-0.0069125530423693095	0.044508811784293334	0.10600548092872408
1629.SubjectIBD406	-0.23771059910560885	-0.1133632155029694	-0.33188034888488954
1629.SubjectIBD299	-0.11066889598727846	0.08906602810627398	0.010891785039076545
1629.SubjectIBD223	0.4564168316873735	0.15718938717469336	-0.21640054304377673
1629.SubjectIBD381	0.16168490273231192	0.005992413854674848	0.15757087359942756
1629.SubjectIBD457	-0.2194590194795255	-0.0052111977772667266	-0.12520341463180204
1629.SubjectIBD541	-0.046325512131578386	0.12241006528047364	0.1145304264303314
1629.SubjectIBD313	0.20195073484125078	-0.44183907673100575	0.06230707551699583
1629.SubjectIBD057	-0.28283685243911116	0.08454649495357694	-0.11819173091669959
1629.SubjectIBD495	0.05733642626484686	0.16301332695213777	0.17457812674482645
1629.SubjectIBD090	-0.15977993927783274	0.06525489912217682	0.04196004343885648
1629.SubjectIBD225	0.4574684253662718	0.14416022105858528	-0.21302153785315972
1629.SubjectIBD251	0.07923878597565692	-0.10923208036290345	0.11588272002502219
1629.SubjectIBD064	0.1832584170651918	-0.4753749786053083	0.0963755720132638
1629.SubjectIBD415	0.07024444617975724	0.03256143634914302	0.12812389412668965
1629.SubjectIBD355	0.3453168857076776	0.19229566531021403	-0.1532343610471438
1629.SubjectIBD602	0.13207717580522768	-0.20781417124810156	0.07363056054786649
1629.SubjectIBD192	-0.19111428694299606	0.13960454364255054	0.025745538704292602
1629.SubjectIBD104	-0.19976808001046015	0.06858633746403138	-0.13778071823652152
1629.SubjectIBD085	-0.14217502537568388	0.15705182035446155	0.13786994893150592
1629.SubjectIBD257	-0.3129098899414456	-0.12059280452529811	-0.29171752721751193
1629.SubjectIBD663	-0.31278077949053773	-0.14274588163301635	-0.31003494505239815
1629.SubjectIBD546	-0.044495082531068646	0.07387324597675436	0.12282469276929926
1629.SubjectIBD273	-0.1423897036934711	0.14728640470148915	0.05289589922750533
1629.SubjectIBD708	-0.18599636326254665	0.05636976665326287	-0.048594002690218095
1629.SubjectIBD025	0.017271627591035125	-0.2954156734878283	-0.09890471977267593
1629.SubjectIBD543	0.1280520208607183	0.04391189819946708	0.12675513673529926
1629.SubjectIBD075	0.06135794560425382	0.10242774863730757	0.1907082139478446
1629.SubjectIBD279	-0.1570701423146897	0.04895130504825939	-0.0264283839370386
1629.SubjectIBD217	0.4032591337416223	0.1128809497216949	-0.1529128089916259
1629.SubjectIBD034	-0.2570345606251661	-0.1503078850412237	-0.24562339832765687
1629.SubjectIBD141	-0.23691911898753934	-0.12721578230704833	-0.19848497149446437
1629.SubjectIBD395	0.47540256248091645	0.19454633705977678	-0.26248726136739975
1629.SubjectIBD108	0.17690841971559298	-0.5604427563433861	-0.04970113295612659
1629.SubjectIBD444	-0.22774239885393635	0.1131312896793057	0.029846560328515334
1629.SubjectIBD340	0.036497439514410736	0.02217044632504353	-0.3511138589486992
1629.SubjectIBD432	0.14918483937967653	-0.09585405630295425	0.27241705323004467
1629.SubjectIBD011	0.3270860118439318	0.23114767690016988	-0.26928070313217783
1629.SubjectIBD143	0.149003988217679	-0.1956475810009819	0.11439057723001153
1629.SubjectIBD270	-0.25093534041604065	0.10270236148558452	-0.057837219631631596
1629.SubjectIBD014	0.027403821291830943	0.12226553203288357	0.18262516526016034
1629.SubjectIBD219	-0.035107878361718595	0.051359901146200836	0.07307926455876414
1629.SubjectIBD429	0.35819070317925555	0.16644953772016846	-0.32697872014141627
1629.SubjectIBD528	0.0486486968610238	0.09879581885994868	0.1087859743514124
1629.SubjectIBD132	-0.056989928299899024	0.0311096343048099	0.06776663851883737
1629.SubjectIBD131	0.16309774148392034	-0.0179205980577069	0.034545074695420085
1629.SubjectIBD009	0.13893091082770007	0.0034105365882076636	0.11327367383985812
1629.SubjectIBD093	-0.2961142559094198	0.03708608109380771	-0.16494959497840816
1629.SubjectIBD002	-0.11136383078767963	-0.08562309786215257	0.018616793896856807
1629.SubjectIBD667	-0.2878369395207981	0.031074539016775742	-0.15871839736935486
1629.SubjectIBD172	0.02343937598845962	-0.20628784182850873	0.0027867015515302173
1629.SubjectIBD247	0.1545159931495416	-0.16946789483545735	0.17863587038926634
1629.SubjectIBD493	-0.18967487622592907	0.1402123551462231	0.02198947546675927
1629.SubjectIBD534	0.16566148112340373	-0.010654909519311213	0.2994821398347525
1629.SubjectIBD674	-0.18765696861317285	0.006016355644606351	-0.056680206772430124
1629.SubjectIBD446	-0.3001576524077194	0.07173209529866445	-0.12993430612943138
1629.SubjectIBD213	0.443284587459261	0.006259365971303534	-0.29557203907194773
1629.SubjectIBD438	0.46621061840758793	0.12588210499106584	-0.26311051574205463
1629.SubjectIBD460	-0.07135249418135291	0.12241156430831075	0.1816508710759696
1629.SubjectIBD463	0.4301411719020937	0.22438339748539515	-0.2523276058568452
1629.SubjectIBD052	-0.10229010724518439	-0.010405663605702104	0.09842222766924352
1629.SubjectIBD161	0.2273973406078256	-0.5505348507556982	0.12065835884391189
1629.SubjectIBD497	0.06017850387669242	0.033487297681862566	0.2282826259470228
1629.SubjectIBD094	0.06384035197299454	0.02652024352371987	0.26499604744502997
1629.SubjectIBD140	-0.24687862443450703	-0.11565300267640197	-0.2568630702021501
1629.SubjectIBD149	0.039900323396876915	0.15676483269274066	0.275959289212798
1629.SubjectIBD368	0.13507663243569007	0.04507338740340634	0.13496446786236557
1629.SubjectIBD255	0.06785867356557275	0.0030075997351864275	0.28943673956928095
1629.SubjectIBD065	0.06746280101120697	-0.34493180036969456	0.00538585085574131
1629.SubjectIBD154	-0.16410538899672947	0.062718074269645	-0.05592287186466515
1629.SubjectIBD022	-0.2617375760799761	0.028494487948396086	0.00644994049137454
1629.SubjectIBD190	0.43920127264694475	0.20439957374591428	-0.28504113397257014
1629.SubjectIBD081	-0.07193124587586444	0.11781337295889983	0.14129673997230113
1629.SubjectIBD220	-0.0010685550100138523	0.028426327215954283	0.11007614682408876
1629.SubjectIBD554	-0.22300815925967996	-0.0191505959774004	-0.01797379499313177
1629.SubjectIBD191	0.44483152953403904	0.14669504685899368	-0.34689723222028135
1629.SubjectIBD690	0.07166952502371698	0.135272968263183	0.29041566102075245
1629.SubjectIBD369	0.20500448758759507	0.12650442332576192	0.10236212266883661
1629.SubjectIBD178	-0.18088183973671404	0.0901215310767821	0.031396152772914014
1629.SubjectIBD066	-0.030983793311196665	0.1286878032820049	0.20066732192882145
1629.SubjectIBD360	-0.3222499414670864	-0.04090967782070922	-0.25629825237613985
1629.SubjectIBD010	0.12811886878351927	-0.04045595749230663	0.012523367013375216
1629.SubjectIBD531	-0.2276398465165486	-0.3154512481201909	-0.27771917283167213
1629.SubjectIBD599	-0.026494311222767727	0.03922990815786566	0.03629848259965277
1629.SubjectIBD376	-0.29593210205755116	-0.0033139185475382664	-0.21526632994429368
1629.SubjectIBD337	-0.05676230523126117	0.13357430278528448	0.20939830020392738
1629.SubjectIBD488	0.06472750104995109	0.09472503903733402	0.18845671602752712
1629.SubjectIBD023	-0.14875941783597724	-0.11901748496736306	-0.13700913491324776
1629.SubjectIBD679	-0.27277836407131634	0.009512719683963106	-0.18028382544981847
1629.SubjectIBD448	0.08655102975508364	-0.012753977212199941	0.1997930189043338
1629.SubjectIBD359	0.19909320826301005	0.05661091072932871	0.17436746092494917
1629.SubjectIBD350	0.27754172716225267	0.23456854560669702	-0.21000786869078655
1629.SubjectIBD507	0.47267596341190055	0.21610300911467784	-0.21127046742824906
1629.SubjectIBD696	0.07747684084604084	-0.012651980804297464	0.22204515101517314
1629.SubjectIBD343	-0.008272415551880902	-0.09487620624819776	0.09062144513210434
1629.SubjectIBD305	-0.08444352557478252	0.11243317699910918	0.177028172892506
1629.SubjectIBD607	-0.10415583106046725	0.14607443205126855	0.11085671586223217
1629.SubjectIBD584	-0.2423536334743011	0.12396890074132783	-0.003950488013895396
1629.SubjectIBD126	-0.02062210089007051	0.13883896921887948	0.24393474038358043
1629.SubjectIBD098	-0.1283816268297747	0.17451284415601345	0.13558984916243186
1629.SubjectIBD500	0.1407649467834462	0.07469408198220676	0.2965062984152033
1629.SubjectIBD506	0.3585439565196834	0.17469507830669723	-0.15660600346257533
1629.SubjectIBD129	-0.1669980635360561	0.15116648860332083	0.11869630161091023
1629.SubjectIBD288	-0.16890666637150772	-0.07321335338487939	-0.15832347906320393
1629.SubjectIBD320	0.07198969365629897	0.003438839584602835	0.1070315531116373
1629.SubjectIBD637	0.10004900735266438	0.008074479306741246	0.3382963283405046
1629.SubjectIBD370	0.13649778507326477	0.006523943177453552	0.2958939389882566
1629.SubjectIBD157	-0.013023650366071842	0.12408813943964485	0.15462929069025932
1629.SubjectIBD459	0.036025214760649675	-0.0721107523449503	0.05658472133804973
1629.SubjectIBD231	-0.29098597454389075	0.06182114747374821	-0.16587144896265005
1629.SubjectIBD269	-0.274976014459727	0.05750602988654579	-0.12099848039399097
1629.SubjectIBD474	0.06541644609094809	-0.013750500423355587	0.20430824411864784
1629.SubjectIBD253	-0.08343856246344544	0.057617247909358904	0.1434478142277702
1629.SubjectIBD095	-0.2362656029551785	-0.11183949525001327	-0.32962409816185445
1629.SubjectIBD367	0.05537103651820203	0.054448583560001165	0.2226183075831864
1629.SubjectIBD675	-0.035324477866768	0.00461427800843021	0.0629193542542169
1629.SubjectIBD008	0.048709611952715635	0.13956268334211724	-0.023344690770620468
1629.SubjectIBD061	0.08411734536860474	0.03306341872123857	0.299915258881517
1629.SubjectIBD478	-0.14652462745006806	-0.06155130580966027	0.021724054693166482
1629.SubjectIBD174	0.07231225194438812	-0.16307431084637106	0.09372123217088427
1629.SubjectIBD363	-0.29151838382906725	-0.06286566924181276	-0.26819332328885026
1629.SubjectIBD502	0.2913702698440756	0.1847770976806087	-0.06117658202631657
1629.SubjectIBD228	0.11597349099036246	0.10030445050609359	0.23499052001298773
1629.SubjectIBD439	0.037214630264262645	-0.23854876792141586	0.10169950373693327
1629.SubjectIBD435	0.14968281475362918	0.14294376152010227	0.21665750398775588
1629.SubjectIBD487	0.11095757288575138	0.00827188905481955	0.06922190113759084
1629.SubjectIBD189	0.14688277988377338	0.13602607656399868	0.23223981947820146
1629.SubjectIBD112	0.16048350367730194	-0.23899302539196873	0.07439904033615478
1629.SubjectIBD241	-0.10812022728198069	0.13314922093280587	0.027366721714702832
1629.SubjectIBD092	-0.26548569662173466	0.012470438861893994	-0.14916409269899591
1629.SubjectIBD669	0.003858643377195854	0.042769469639560194	0.2565961797489822
1629.SubjectIBD110	0.18670981003783826	-0.5721656407861222	-0.006612125163273692
1629.SubjectIBD462	0.32133348160855874	0.20694582215677257	-0.0033777522133777
1629.SubjectIBD512	0.49419222540831265	0.17144523490942692	-0.2742605188120435
1629.SubjectIBD086	-0.3098092783245317	0.0429083228116087	-0.12329097682692543
1629.SubjectIBD482	0.10453084264490596	0.018356927045195204	0.10043242064878977
1629.SubjectIBD188	0.4474092524661235	0.22027411493342466	-0.27990744464184897
1629.SubjectIBD600	0.13087066255004223	-0.05045764054271314	0.13908965225050293
1629.SubjectIBD301	-0.14695832256469626	0.08992714163731762	-0.00466284378123797
1629.SubjectIBD510	0.5137301957063709	0.19297331109557858	-0.3189918689377338
1629.SubjectIBD242	0.13333671761280053	-0.1813572124424762	0.1741731204096385
1629.SubjectIBD357	-0.08784726006752488	0.10384483145030331	0.10058962829555836
1629.SubjectIBD623	-0.31806628233179784	0.009427773806281453	-0.1730090848487721
1629.SubjectIBD695	-0.13878013298315828	-0.11423024809183015	-0.1385524258728308
1629.SubjectIBD540	-0.043281788614948885	0.10245684847391522	0.11291752566857827
1629.SubjectIBD063	-0.24837132468832415	-0.2010274682205416	-0.23323009854974738
1629.SubjectIBD447	-0.06573512186687794	0.15511962773304064	0.15835979091821675
1629.SubjectIBD102	-0.18742261304100719	0.0701906523019139	-0.08531702735758954
1629.SubjectIBD289	-0.18512338794484917	-0.05988270562521524	-0.18376341323483555
1629.SubjectIBD349	-0.1093355136475154	-0.15201483980249464	-0.07338491891955745
1629.SubjectIBD356	0.3147327081646712	0.23230404715663772	-0.07991569043512672
1629.SubjectIBD267	-0.048355809930428956	0.11881695875225338	0.15369750743866115
1629.SubjectIBD553	-0.06710936742528789	-0.07737562202677012	0.11218462282602314
1629.SubjectIBD646	-0.30715560686358245	-0.03130838695201862	-0.22351447575783714
1629.SubjectIBD402	-0.11336931823406302	0.13890952131544462	0.09907707874696478
1629.SubjectIBD166	0.2210999469700766	-0.4985152375788398	0.09596496921317807
1629.SubjectIBD477	-0.13024809870181744	-0.11037873476060804	-0.025993287497856312
1629.SubjectIBD501	0.43038270298891623	0.15444878482541755	-0.21493034084967105
1629.SubjectIBD018	-0.11311576913832944	0.11829381989901452	0.12755863056321146
1629.SubjectIBD296	-0.008808072121817608	0.053395707299302125	0.024931189074409662
1629.SubjectIBD491	-0.029874738450337106	0.04150295441396706	0.1857316575532982
1629.SubjectIBD127	-0.18241756874883355	0.11643276731299343	0.053470735615022705
1629.SubjectIBD292	-0.18610532998445337	0.13786452702417917	-0.03177021444030996
1629.SubjectIBD005	-0.21802518535279372	-0.05969916179279009	-0.140147867442901
1629.SubjectIBD382	0.2608843771544504	0.04167687040917153	0.16515998980440652
1629.SubjectIBD332	0.18194648588760004	-0.5636301201423054	0.03472093338076777
1629.SubjectIBD427	-0.15172821367902464	0.0928513874885334	0.055005389529581485
1629.SubjectIBD234	-0.17598472343140079	0.01647394579543571	-0.03034136689946327
1629.SubjectIBD445	-0.13653504757264326	0.11283668450905913	0.11182039370199467
1629.SubjectIBD170	-0.24829643786910904	-0.09205628147060477	-0.18385872976707957
1629.SubjectIBD561	0.11351387528033086	0.08922904717520772	0.31786780901666506
1629.SubjectIBD317	0.21981045593706344	-0.535485425331852	0.019882949302453413
1629.SubjectIBD378	0.17604518591926094	-0.47110473809987424	-0.03050603866324002
1629.SubjectIBD365	-0.3155236282056208	-0.035715401781433266	-0.24458276233832707
1629.SubjectIBD006	0.21677963071539239	0.16068118407684537	-0.04284226378179431
1629.SubjectIBD206	0.17708625490932814	0.10273799267424621	0.06893043459800018
1629.SubjectIBD200	-0.3070892824878623	-0.09071071226636272	-0.24403496766814894
1629.SubjectIBD586	-0.25301896786638695	-0.018729687894104678	-0.11278640214583406
1629.SubjectIBD555	-0.2690181533492566	0.1085360682354161	-0.08548094934312135
1629.SubjectIBD113	-0.15090495099337217	-0.1333250567551782	-0.13382727353189375
1629.SubjectIBD235	0.02485852427872153	0.13925780949707214	0.22445728845228152
1629.SubjectIBD082	0.019537949405226192	0.14322256386956767	0.27110511590790076
1629.SubjectIBD481	0.1313507163583696	-0.02700492564442146	0.08771366787532467
1629.SubjectIBD535	0.3577185307133971	0.24365622373885862	-0.0742881157527004
1629.SubjectIBD498	0.07398695492599149	0.04030837738218425	0.2539460598744521
1629.SubjectIBD458	0.07491514163456123	-0.03367254531905502	0.06861843215223444
1629.SubjectIBD411	0.05653807990478709	0.03288876991184938	0.21524835516260518
1629.SubjectIBD083	-0.07931093225642566	0.0035902606508627674	-0.0007581038825551124
1629.SubjectIBD204	0.2061811961468502	-0.4663935570145332	0.1735991971391065
1629.SubjectIBD079	-0.06714191361692128	0.1129519093383777	0.17531447463841224
1629.SubjectIBD691	-0.0766902173015367	-0.12054023172537656	-0.06312759721079567
1629.SubjectIBD158	0.07183740008577552	0.07790914608874605	0.21196425245332493
1629.SubjectIBD072	0.07722438578539163	0.08980553541442524	0.21288049219629268
1629.SubjectIBD047	0.042188695809437904	0.19229219316189408	-0.37142205442841497
1629.SubjectIBD642	0.16697318358777397	-0.3387398045336454	0.20147528886191013
1629.SubjectIBD227	0.41216476043919137	0.20004479796292307	-0.17132284139804996
1629.SubjectIBD167	0.22962719653455105	-0.535529998547195	0.08421837951600603
1629.SubjectIBD392	0.12701100377787836	-0.2837035771556308	0.08482430384140803
1629.SubjectIBD571	-0.2420037447165987	-0.06977328778481284	-0.14501420519015568
1629.SubjectIBD377	-0.30608820172394546	-0.04084580722709882	-0.19126442240864658
1629.SubjectIBD106	0.12830405334308953	-0.20434766482918115	0.048128708167091486
1629.SubjectIBD201	-0.2552665954265367	-0.044563766205014704	-0.11798420107179337
1629.SubjectIBD372	-0.3093382419839838	-0.06605635860350634	-0.3152584167304103
1629.SubjectIBD521	-0.17922353911103658	0.07574232321239291	-0.09713800573807982
1629.SubjectIBD538	-0.028259482074597383	0.07442700848478416	0.07437234460885359
1629.SubjectIBD389	0.06706160225421207	-0.16375687663538344	0.13927187251020687
1629.SubjectIBD523	0.06613746643097744	0.1379202650957583	0.16307963015581048
1629.SubjectIBD069	-0.30168162778091645	0.03727213979827373	-0.16662706581583003
1629.SubjectIBD318	0.06387588001222697	0.0958982008378867	0.1493243666649303
1629.SubjectIBD361	-0.32171082693018005	-0.031407201090775966	-0.2472027447302977
1629.SubjectIBD290	0.08026926328320022	0.09244808363350415	0.2127347765121413
1629.SubjectIBD572	0.10484320994917291	-0.0754722922293945	0.09697184484389162
1629.SubjectIBD398	0.4951840479278194	0.17592386002132093	-0.30829769869995616
1629.SubjectIBD490	-0.10564723068524759	0.13573042448217093	0.09773618044068352
1629.SubjectIBD035	-0.1268274140084139	0.15042335488659886	0.06897697592605755
1629.SubjectIBD314	0.19342246064823254	-0.44957106679572617	0.012299011424251927
1629.SubjectIBD436	0.28120672986031453	0.19343937970840872	-0.052115511256696063
1629.SubjectIBD450	0.39506198538204373	0.21859987402451253	-0.3095121152262051
1629.SubjectIBD524	0.06829269377057423	0.15700606809978562	0.1026355982431877
1629.SubjectIBD342	0.5239292907837163	0.03437968310836233	-0.3888261986191666
1629.SubjectIBD043	-0.1728248275068843	0.08782220039010454	0.058600234919515055
1629.SubjectIBD455	-0.22915010880680978	0.07239789249800911	-0.05666584162853074
1629.SubjectIBD547	-0.1388461244074153	0.07702347069611233	0.02766151684926829
1629.SubjectIBD456	0.12009155188363489	-0.32971523010359083	-0.014874545325282115
1629.SubjectIBD308	0.08742029929514857	-0.07703317349833404	0.06700241380948684
1629.SubjectIBD216	0.3942965048442123	0.08020937853495771	-0.17874595224791737
1629.SubjectIBD250	-0.06115015025593115	0.018683045022128263	0.006530514826432963
1629.SubjectIBD371	0.47214891337121734	0.20882850232006034	-0.26056334188274083
1629.SubjectIBD261	-0.14760666335391115	-0.4353985287149126	-0.30782903970540376
1629.SubjectIBD354	-0.24136725172432483	-0.01424003340478398	-0.13124596991058932
1629.SubjectIBD003	-0.20467437978158606	0.11174328785601484	-0.07642487071989451
1629.SubjectIBD451	0.014552097466103656	0.04782457390307839	0.2442852582853336
1629.SubjectIBD209	-0.1596416106587643	-0.12739330103201318	-0.11967810516171379
1629.SubjectIBD031	-0.3100828161142956	-0.15730717991936183	-0.3206069028481743
1629.SubjectIBD409	0.2833959479228095	0.23640252512308776	-0.12206930546617407
1629.SubjectIBD615	-0.07069020972879293	0.10440147553256843	0.05648868303650658
1629.SubjectIBD196	0.12606974092387388	0.03346157229758978	0.1344886619645988
1629.SubjectIBD016	0.09689664627785441	0.16089469088520555	-0.19918948512640186
1629.SubjectIBD282	-0.02458193127926074	0.14303457316469417	0.10653555437704246
1629.SubjectIBD264	-0.11019819250929663	0.158794478332785	0.14320956764337012
1629.SubjectIBD461	-0.2304608514655542	0.11905996773473658	-0.04748937757290836
1629.SubjectIBD077	0.038720666760828984	0.09058465445481662	0.1278651051651847
1629.SubjectIBD168	-0.19762315727630364	-0.10547015818045383	-0.17717116108414163
1629.SubjectIBD248	0.03671396895792604	0.028135890866897335	0.22066427837003333
1629.SubjectIBD552	0.445812010845451	0.14318717623521895	-0.2256298863762485
1629.SubjectIBD004	-0.22974278043608687	-0.19317029188323098	-0.24450196665305443
1629.SubjectIBD323	-0.06502525249561363	0.09268589158715315	0.1624648510911043
1629.SubjectIBD240	-0.06506415597252352	0.16159339510971127	0.12303217866972219
1629.SubjectIBD327	-0.32723947983525736	-0.1282104002010039	-0.31819394038809545
1629.SubjectIBD032	-0.2862768972673218	-0.14057435119511205	-0.24673940681961593
1629.SubjectIBD420	-0.10724357200562401	0.1458203115246871	0.14417755616495123
1629.SubjectIBD056	-0.2503539350920945	0.03490361808365907	-0.09847142352046612
1629.SubjectIBD509	0.5201968854622224	0.17991207673883383	-0.33508426072881137
1629.SubjectIBD578	-0.19766843410531798	-0.22978973490026997	-0.2248553063087597
1629.SubjectIBD670	-0.184916511978401	0.06016410454284248	0.04678925323785314
1629.SubjectIBD503	0.49697996788663806	0.11757562621247473	-0.31300365933419044
1629.SubjectIBD300	-0.1363455601352271	0.06905007458442688	-0.03151775107251622
1629.SubjectIBD496	0.012698136465739997	0.1613180737366305	0.1107902552586656
1629.SubjectIBD036	-0.10368083339606671	0.04972735268687219	0.09355413026324638
1629.SubjectIBD256	0.1393056396583438	-0.33690979883589606	0.05898504055171249
1629.SubjectIBD515	0.08117464539730065	0.0637004912322888	0.13328433643532156
1629.SubjectIBD297	-0.27179425796430096	0.05706518777812605	-0.1732451474035698
1629.SubjectIBD060	-0.2834043376602951	0.04970740796599013	-0.1655003596978904
1629.SubjectIBD542	-0.007018940566643802	0.18290477887095008	0.014361617125940987
1629.SubjectIBD472	-0.035353412219649306	0.10832760481324738	0.20701896981882228
1629.SubjectIBD017	-0.14509502316536024	0.11126932358527142	0.042629002392249746
1629.SubjectIBD303	-0.1235586189209863	0.08801726510073009	0.009746891619555558
1629.SubjectIBD437	0.39121866755817136	0.13714859939045726	-0.2017854845775021
1629.SubjectIBD179	-0.13375064877939072	0.10050371867325095	0.07249676702662376
1629.SubjectIBD426	-0.10097028920795482	0.07945545654201283	0.053400669178114965
1629.SubjectIBD124	0.11197151818016307	-0.009831508446153839	0.16581775987261138
1629.SubjectIBD401	-0.08006707775629175	0.11739205489771902	0.10599441237410247
1629.SubjectIBD298	-0.048395611529836846	0.021248707793194807	-0.014224763275434545
1629.SubjectIBD468	0.37417727238556125	0.23510973389906473	-0.16793286070460187
1629.SubjectIBD222	0.008271496385016406	0.06333113489948508	0.12026997031758115
1629.SubjectIBD274	-0.09175777746752797	0.14822693303958512	0.11561764839891475
1629.SubjectIBD281	0.013062632830307024	-0.0418690324251822	-0.004846789023644463
1629.SubjectIBD526	0.49511652153120367	0.19354955323882359	-0.2885873819765376
1629.SubjectIBD119	0.27533165347389404	0.14784878662113027	0.11007760388743089
1629.SubjectIBD211	0.41723098696000793	0.017298167493969962	-0.23311729237092815
1629.SubjectIBD550	0.23036308988512283	0.037898033563185406	0.16378621734779783
1629.SubjectIBD013	0.12112913239982434	0.0455955863770277	0.30667960916884984
1629.SubjectIBD076	0.08140669599383396	0.08929046668127637	0.24182747784703018
1629.SubjectIBD434	-0.2973395781303112	0.07806252006365018	-0.14125320118532222
1629.SubjectIBD379	-0.020629787291031442	-0.12596978649277127	0.027709685895669328
1629.SubjectIBD529	-0.2066907838606582	0.06353695260710975	-0.0859723894845921
1629.SubjectIBD527	0.05297529578544496	0.1479704611529143	-0.05927483368750026
1629.SubjectIBD007	0.052333343621307704	0.17220009643172393	0.06430412169151115
1629.SubjectIBD331	0.05716233089835441	-0.3227788265090151	-0.06316182884711313
1629.SubjectIBD171	0.16081818779753848	-0.1589793818354895	0.20888662092853338
1629.SubjectIBD175	-0.08570130948643602	-0.060577598676587956	-0.004957276106527495
1629.SubjectIBD039	-0.1558292223357908	0.06970510665949149	0.049390688857601256
1629.SubjectIBD122	-0.08808727296985767	0.08424325626717313	-0.03882243694454977
1629.SubjectIBD164	0.23315230777715704	-0.5825934170746253	0.030667874427553275
1629.SubjectIBD019	-0.08219812982505767	0.14673021175447626	0.15220685892340158
1629.SubjectIBD024	0.053824288104925094	-0.41178632384167596	-0.08692411748150425
1629.SubjectIBD399	0.48872642690854323	0.05605700495998436	-0.32998997861027024
1629.SubjectIBD084	0.05633556211686408	0.11827906596594208	0.3214108975963752
1629.SubjectIBD499	-0.21295828510458237	0.12642983016644976	-0.012138522882169404
1629.SubjectIBD724	0.02128374856011232	0.03531582115485385	0.1537656017715733
1629.SubjectIBD706	0.2119965657011041	0.1670542993721055	-0.25241463681334836
1629.SubjectIBD579	0.043895646016897626	0.06360219486017532	0.11703960062305516
1629.SubjectIBD537	0.084277859581113	0.016993958240975115	0.13449840303411653
1629.SubjectIBD262	-0.12609497700653755	0.12188787435081928	0.0950559051106604
1629.SubjectIBD351	0.44532109464128516	0.18591024638818954	-0.22991319500774698
1629.SubjectIBD153	-0.14315747056834335	0.10222992076635265	-0.024029694326156852
1629.SubjectIBD311	0.21216266775880838	-0.4858643786239306	0.1477089963637911
1629.SubjectIBD485	-0.0704547722578449	0.12974133179590008	0.06596998855899495
1629.SubjectIBD388	-0.26214481946318663	-0.15185137410226313	-0.26440649738619887
1629.SubjectIBD207	-0.1777665165434675	-0.0911570961588577	-0.12997393328591342
1629.SubjectIBD644	0.2287588503492271	-0.06468245582273233	-0.04800962895145507
1629.SubjectIBD214	0.4097481447107705	0.04672264515640148	-0.27151880907282316
1629.SubjectIBD431	-0.18578566587959328	0.1432321414250947	-0.0027287191770642948
1629.SubjectIBD048	-0.2515106572804364	0.06202434001985475	-0.13338221017449695
1629.SubjectIBD027	0.2349576207522018	-0.5683259086596331	0.031399856824975106
1629.SubjectIBD138	-0.17297218401189135	-0.17027728938971476	-0.11252607920166205
1629.SubjectIBD080	-0.04882761891064103	0.08460466896251168	0.12178677578220415
1629.SubjectIBD051	0.07706928773402864	-0.06598022889836325	0.1747100887812953
1629.SubjectIBD245	0.1517239515894975	-0.20285144675073827	0.2046440663596883
1629.SubjectIBD068	-0.26104456197051085	0.07016599543433272	-0.036882971982113634
1629.SubjectIBD471	-0.19458954513009932	0.10318031754766806	0.030636263964955352
1629.SubjectIBD258	-0.26448247773943323	-0.13263823680821224	-0.25211642221072916
1629.SubjectIBD044	-0.06483359156612524	0.08968113226307375	0.15043228946992146
1629.SubjectIBD186	-0.33210791003189427	0.00026439996150401314	-0.22443887955677247
1629.SubjectIBD449	-0.08850041484972264	0.08143957079619873	0.10414204352107005
1629.SubjectIBD029	0.2348277373730444	-0.5486718525223357	0.0946896232565407
1629.SubjectIBD259	-0.23343586378149514	-0.1991778911776166	-0.23637717876813583
1629.SubjectIBD525	0.09222192954546223	0.1440413732663475	0.15593065456441732
1629.SubjectIBD309	0.023219409003183648	-0.19112924615805466	0.041965588701146604
1629.SubjectIBD205	-0.12155263107660985	0.12259102374094445	0.12112529414139199
1629.SubjectIBD099	-0.22772894869253035	0.12141984655988726	-0.0013181463015247636
1629.SubjectIBD203	-0.2445928785829834	-0.12668381994692668	-0.1884108185953378
1629.SubjectIBD391	-0.05047604397598231	0.06413801889099673	-0.034822463532177675
1629.SubjectIBD152	-0.1273495963516887	0.126405740296637	0.03126571380948514
1629.SubjectIBD617	0.1030082343452134	0.04678368218648523	0.32838513681524134
1629.SubjectIBD208	-0.23203488670583491	-0.15188534141612633	-0.2388302735068747
1629.SubjectIBD059	-0.25988235550102645	0.08925789278949703	-0.09931444081580407
1629.SubjectIBD328	-0.2562332938399107	-0.059264732367485154	-0.14159657462721778
1629.SubjectIBD353	0.405340480676492	0.21693942703416144	-0.21722821710661927
1629.SubjectIBD315	0.1849668861306591	-0.41996424622364337	0.06002050299826932
1629.SubjectIBD352	0.028051243754692406	0.0911511476250511	0.17868792372429695
1629.SubjectIBD229	-0.26882004378674945	0.06026319364524291	-0.11873409178011639
1629.SubjectIBD306	0.003619510873330846	-0.294179495791041	0.039433960157878624
1629.SubjectIBD324	-0.3221321520350006	-0.027531326565115064	-0.2002877789437844
1629.SubjectIBD715	0.23931648505156175	-0.566946630594201	0.036900818165236916
1629.SubjectIBD536	0.4307916590760442	0.16601564117521883	-0.19319580712711518
1629.SubjectIBD155	-0.021707624497877272	0.074005693943568	0.0970566694960027
1629.SubjectIBD721	-0.271772336069595	0.05635251820665526	-0.05518517170701634
1629.SubjectIBD046	-0.06278288461967223	0.1384318418070157	0.17202679341600552
1629.SubjectIBD232	-0.2853151529094673	0.060872838952777175	-0.15275698323061493
1629.SubjectIBD383	0.06230730540424875	-0.22372725063225865	0.10199277272828988
1629.SubjectIBD569	-0.05162961688746857	0.15600335606097884	0.20314609035599
1629.SubjectIBD346	-0.17435392785859324	0.009693334577906125	0.01900730439769878
1629.SubjectIBD530	-0.23293118422125136	0.11645141729171127	-0.06002191136814377
1629.SubjectIBD416	-0.31692427574332616	0.06330120836301775	-0.17276309927304548
1629.SubjectIBD128	-0.11812531292713184	0.09624792179725689	0.038519253203449906
1629.SubjectIBD465	-0.10259557285950212	0.12576656327978	0.08308419325084124
1629.SubjectIBD176	0.0378132702728472	-0.2598277801183107	0.05737258754618809
1629.SubjectIBD182	-0.17130829225184238	0.07501195267275033	0.0064363645534352715
1629.SubjectIBD133	-0.015086114566830107	-0.23206593263941566	0.02107907545122478
1629.SubjectIBD252	-0.14892172587989205	0.08053156225976925	0.0618076119781076
1629.SubjectIBD672	-0.08463505086957326	0.034896670050364904	0.024522885379060118
1629.SubjectIBD312	0.21989836829717938	-0.5473294787335079	0.06007829453228802
1629.SubjectIBD218	-0.262839206909391	-0.06461531344163908	-0.19920174830436196
1629.SubjectIBD040	-0.016598204475108333	0.12713822115315732	0.19947656873886502
1629.SubjectIBD624	-0.06819308477799178	-0.18369766097401846	-0.08027010111465724
1629.SubjectIBD103	-0.08463325620398318	0.08622174058407255	0.007798238588715532
1629.SubjectIBD295	-0.20788598102310185	0.10250512185288196	-0.08217327217867051
1629.SubjectIBD626	-0.08424535570366996	0.1568401745187926	0.17067171534164025
1629.SubjectIBD233	0.02607668637733013	-0.11636547956693986	-0.02526739616690131
1629.SubjectIBD045	-0.2448801691747689	0.09172181945097425	-0.05657886184847944
1629.SubjectIBD387	0.024510097069297396	-0.24067529203249322	-0.04953079850577055
1629.SubjectIBD628	0.08163373275571859	-0.045613306008907166	0.22757227927126944
1629.SubjectIBD467	0.41189738383329283	0.18691715149045718	-0.31711209305659244
1629.SubjectIBD100	-0.0943731882537426	0.1295832299478575	0.060361270158310165
1629.SubjectIBD404	-0.0034852663653506624	0.12494296079963174	0.1430774108117323
1629.SubjectIBD414	0.07119951696959118	0.03045013055591586	0.09754410265069181
1629.SubjectIBD042	0.03156031785436446	0.007756469789133232	0.16340031143892536
1629.SubjectIBD413	0.06010237817054246	0.030363489736564667	0.15659860149709257
1629.SubjectIBD494	-0.31453792431438454	0.004730449719476298	-0.21846091412013374
1629.SubjectIBD425	-0.14877235084438498	0.02662840953760339	0.046147506902465545
1629.SubjectIBD097	-0.17348316757403645	0.07267674230622906	0.015388704866666068
1629.SubjectIBD344	-0.2440522200587624	-0.07561843085244568	-0.1967931005093315
1629.SubjectIBD088	0.13018093480588264	0.005017453518589977	0.11641741503917356
1629.SubjectIBD630	-0.15076117016842594	-0.0778686733689291	-0.10309065383602573
1629.SubjectIBD137	-0.10818198906659304	0.0218414334910169	-0.012525057302762547
1629.SubjectIBD238	0.04473639897674315	0.14604720930632137	0.2686734786428272
1629.SubjectIBD421	0.07374081751060389	0.15887261569640584	0.09595955704931444
1629.SubjectIBD202	-0.12820220195884469	-0.04648571376131302	-0.07335500405006762
1629.SubjectIBD544	0.1374292716760167	-0.2630930436822146	0.012596666688951676
1629.SubjectIBD422	-0.12029831792488728	0.06469985050365831	0.14901466883099107
1629.SubjectIBD522	0.29023801074268724	0.19435300669633065	-0.13444582828115903

Biplot	0	0

Site constraints	0	0
