id	axis1	axis2	axis3
1629.SubjectIBD335	-0.2674161491033801	0.08244742892185265	-0.047895354704941655
1629.SubjectIBD643	-0.28777958941409215	-0.0030271827728853436	0.005094893688104717
1629.SubjectIBD539	-0.08599436420289114	0.04321173554745997	-0.034028972451030946
1629.SubjectIBD078	0.11693184620148488	0.09749989943616089	-0.2312989048950275
1629.SubjectIBD671	0.11552584653829412	-0.1341353503596111	-0.08748522649627609
1629.SubjectIBD702	0.3311032115867852	-0.27625964880200865	-0.006952063784154418
1629.SubjectIBD067	-0.2776153036899901	-0.22471936587894278	0.1909413114369538
1629.SubjectIBD276	-0.1499363654737538	-0.22094692749425335	0.21071598110495893
1629.SubjectIBD698	0.30888611011633466	-0.25763420579925683	-0.016154230150913756
1629.SubjectIBD419	0.008393055837833096	0.16753480708305415	-0.1903453636354675
1629.SubjectIBD243	-0.29052039426883575	-0.12271379217923466	-0.025927174130437134
1629.SubjectIBD284	0.03765133324612082	0.19574954499309882	-0.21472438074632608
1629.SubjectIBD026	0.2646504511833612	-0.22942628266701837	-0.058044191340976235
1629.SubjectIBD345	-0.12429145667022788	0.08642775227374191	-0.13810589226096645
1629.SubjectIBD199	-0.2583661317613361	-0.19402039632660792	0.20305805098913657
1629.SubjectIBD390	-0.014632622991752517	0.01461687887634229	-0.256125470716758
1629.SubjectIBD237	0.07247878144085625	0.31152376521384106	0.016886020542309588
1629.SubjectIBD210	0.01118855989385386	0.062462196591977645	0.3698643469038004
1629.SubjectIBD263	-0.07002465765851355	0.19711931264110666	-0.18674686365312368
1629.SubjectIBD173	0.1710016026718822	-0.059418876427624626	-0.008056341632946667
1629.SubjectIBD268	0.20617890073277764	0.15190625215791792	-0.23527933177319685
1629.SubjectIBD326	-0.2526685434754311	0.009770439765425515	-0.08102239619140163
1629.SubjectIBD246	-0.10981527307326877	0.026124697988433452	-0.1953179587030871
1629.SubjectIBD302	-0.26146522700401675	0.05144574487790762	0.013690702925771164
1629.SubjectIBD118	0.22744487972948502	-0.1943422750004613	-0.029684121458499222
1629.SubjectIBD105	-0.14890179002690657	0.04889599168149201	-0.030210421494405417
1629.SubjectIBD334	0.19391187893200404	-0.14986830737397203	-0.12862720057579224
1629.SubjectIBD271	-0.3084844215992729	-0.08375279668552	0.1079814489215173
1629.SubjectIBD260	0.19936344932545047	-0.11534267480333213	-0.17185160570726482
1629.SubjectIBD407	0.3744165544395531	0.22172901592314287	0.21968387421799918
1629.SubjectIBD275	-0.29204248048504794	-0.0908544166665455	0.07542634462487857
1629.SubjectIBD254	-0.26275682213155954	-0.06654647806060701	0.13326387049149238
1629.SubjectIBD614	0.19646886282743606	-0.02823728684329478	-0.11195292460689651
1629.SubjectIBD021	0.17231188770343844	0.13095198179752848	-0.23598164641028752
1629.SubjectIBD150	0.1411551350263795	0.1895706380243833	-0.1995084698177319
1629.SubjectIBD291	0.08797713990828433	0.11276443848587926	-0.17530709211376994
1629.SubjectIBD430	-0.16187299765155774	-0.24181704554943279	-0.0921242362409036
1629.SubjectIBD405	-0.12498937998220276	0.09197935578559745	-0.03393196407413201
1629.SubjectIBD545	-0.05661563654185592	0.11222539159705007	-0.15875294081947453
1629.SubjectIBD338	-0.26203167028849017	0.0922683807478687	-0.061029725783961736
1629.SubjectIBD310	0.2183337061723911	-0.06283077578242983	-0.17847593790348742
1629.SubjectIBD089	0.27735925337686457	-0.28243364142847355	-0.05451540017100949
1629.SubjectIBD111	0.034941888874837373	-0.1861473569718351	-0.0825274881252823
1629.SubjectIBD364	-0.2634919220418317	-0.203269580894958	0.22282771350637906
1629.SubjectIBD418	-0.3086274668639617	-0.030361411179769645	0.035607695595237875
1629.SubjectIBD470	0.08295927339866448	0.20471190127708064	-0.25388949442772135
1629.SubjectIBD380	0.20531592594530543	0.18654838029142862	-0.12241736888873507
1629.SubjectIBD224	0.2694556515496343	0.23956691872706187	0.3698131261632696
1629.SubjectIBD504	0.31640571515060884	0.329321932968297	0.20273454559129156
1629.SubjectIBD148	-0.17373563913882342	0.020147029399515553	0.029611101853712872
1629.SubjectIBD163	0.20287998388742215	-0.18448570626863114	-0.06409607821827991
1629.SubjectIBD469	0.047615174513472275	0.12733469148358437	-0.0830396293976934
1629.SubjectIBD650	0.43610964024748994	-0.4192534433546065	-0.04184169223028445
1629.SubjectIBD181	-0.2666888463391314	-0.14370320670438985	0.22311951584405385
1629.SubjectIBD558	-0.10111903546384769	-0.09200457535235107	-0.03695759621216837
1629.SubjectIBD278	-0.19169888759380527	0.13949696141145868	-0.1601698355534158
1629.SubjectIBD285	-0.13764924884536747	-0.06658361954608244	0.2822948682565249
1629.SubjectIBD049	-0.07260262595581095	0.20926607841558417	-0.21912829534493974
1629.SubjectIBD479	-0.2767865074781542	-0.11262236221033942	-0.030700265757829952
1629.SubjectIBD160	-0.216942356612282	-0.007171631923459918	0.041520219624172135
1629.SubjectIBD144	0.1895267991232159	-0.18600526090775363	-0.0008544527262877547
1629.SubjectIBD053	0.08922672910501807	0.1865716395258476	-0.2616639083453517
1629.SubjectIBD123	-0.12354145662187914	0.09585041959004147	0.05268593124651444
1629.SubjectIBD591	0.4394876880273383	-0.4392933786058767	-0.05748331968478456
1629.SubjectIBD518	0.29317907741973204	0.3023603914868574	0.26365661120336986
1629.SubjectIBD374	-0.3064378387918491	-0.017924677820557282	-0.026766061079576284
1629.SubjectIBD560	0.37719123504295293	-0.36228644501331164	-0.04370142017476233
1629.SubjectIBD120	-0.12537954259263745	-0.24593524335124614	-0.043022846429532656
1629.SubjectIBD548	-0.08890797184688899	0.05609190677179105	-0.006791496966913952
1629.SubjectIBD454	-0.2839687269061632	-0.051299828803443595	0.12150488409040838
1629.SubjectIBD489	0.07327552633880524	0.17826661097267968	-0.24102637035862187
1629.SubjectIBD480	-0.1342711956721133	0.03654507610291773	-0.20815830085885836
1629.SubjectIBD408	-0.14780827463026522	0.18921541949953485	-0.1498067321495889
1629.SubjectIBD532	0.03262628740876251	0.25902588019675193	-0.11529096219532577
1629.SubjectIBD373	-0.12589462049384154	0.06065708256794886	-0.20578144819177552
1629.SubjectIBD533	-0.035561806458569455	0.11176703736734481	0.32536595179127703
1629.SubjectIBD012	-0.259213254605419	-0.07274255773388247	0.03293440114155851
1629.SubjectIBD516	-0.10020613323007112	0.027306499402503317	-0.08178974745238408
1629.SubjectIBD030	-0.07201253969455068	0.22598244040867785	-0.1937917279292495
1629.SubjectIBD565	-0.2405993986678078	-0.158891836680152	0.21313057919921205
1629.SubjectIBD130	-0.07265750436134934	0.012293982574993497	0.26231842634155894
1629.SubjectIBD412	-0.22338561700554535	-0.1407359849349976	0.12050703574440828
1629.SubjectIBD109	-0.046387079406051634	0.10463831315711082	-0.17380584184555325
1629.SubjectIBD473	-0.2962438356464024	-0.019923855555083206	0.045928469226533375
1629.SubjectIBD277	-0.19944906737828969	0.14271375987177462	-0.15093287995976365
1629.SubjectIBD423	-0.03819281101232932	0.24011261494418895	-0.14645784461875266
1629.SubjectIBD384	0.21788951880841473	-0.06262277432804711	-0.16635235609226584
1629.SubjectIBD505	0.32999073143541424	0.3153645531270465	0.3350299768450111
1629.SubjectIBD028	0.21632645130417355	-0.18286283324764077	-0.10589836827065652
1629.SubjectIBD037	-0.19884172106581124	0.037054364196016105	-0.10783380070013118
1629.SubjectIBD551	-0.10115939502329158	-0.28040540492353966	-0.0008422038608529126
1629.SubjectIBD134	0.08083920729298974	0.28579312824529973	-0.17549748323254505
1629.SubjectIBD366	-0.06294183287426051	0.11534425397291989	-0.18532001325351583
1629.SubjectIBD294	0.17232568685642644	0.14696445247404405	-0.21330310755823573
1629.SubjectIBD362	-0.26734788607052196	-0.25891861988272025	0.22649401418481974
1629.SubjectIBD020	-0.2826390586271098	-0.07522269390789203	0.108248587657356
1629.SubjectIBD341	0.23711182443976692	0.16678043370029055	0.3395981840435615
1629.SubjectIBD038	0.03516289880023345	0.14735149370202302	-0.24797539363919388
1629.SubjectIBD559	0.3364623529281034	-0.31441514651099967	-0.03733203836907871
1629.SubjectIBD718	0.42962176631574556	-0.4062924056651123	-0.038422678296110395
1629.SubjectIBD514	0.35448635191494987	0.22313157227460628	0.15473357329524878
1629.SubjectIBD151	-0.11784276098389836	0.1924666082866459	0.008495840692884084
1629.SubjectIBD321	-0.08763991216423986	0.11507079138262581	-0.13247292301399385
1629.SubjectIBD631	0.3024054996304899	-0.2432000861311591	-0.008933861237919945
1629.SubjectIBD287	-0.28040991023970413	-0.07904165621001287	0.14176128654394574
1629.SubjectIBD239	-0.14879816948924005	0.1027618325610817	0.18107441916422884
1629.SubjectIBD573	-0.025719177606654653	0.17326317108869635	-0.16430183487025707
1629.SubjectIBD162	-0.2672720317506225	-0.11880022175489413	0.15091259087025904
1629.SubjectIBD165	0.22136482795458637	-0.20939698701970788	-0.04429901359759653
1629.SubjectIBD689	0.4389732177180677	-0.4398079912557888	-0.05849453202558489
1629.SubjectIBD041	-0.1641414653689406	-0.15243886410037033	0.10751118286363828
1629.SubjectIBD483	0.2258427169668911	0.34573490954254354	0.23987753224201505
1629.SubjectIBD058	-0.0017350989198279348	0.1687501200013934	-0.242306528343385
1629.SubjectIBD410	0.2956398384678998	0.29572949538712795	0.3508625072108134
1629.SubjectIBD358	-0.20063398130077115	-0.0082692214117445	-0.047529903046952246
1629.SubjectIBD054	-0.2851298709737448	-0.1176308273087269	0.19925926184460632
1629.SubjectIBD156	-0.1307479208578855	0.1487799683673665	-0.07831558726868136
1629.SubjectIBD193	-0.0006805946543290799	0.24672119999055336	-0.13103212249824422
1629.SubjectIBD386	0.05234514221961612	-0.12573453715241603	-0.17894038920237607
1629.SubjectIBD142	-0.26796002269312097	-0.28164534338115477	0.22065116865074813
1629.SubjectIBD286	0.008407784025375604	0.20441667892197074	-0.08955514089692843
1629.SubjectIBD519	-0.019362749250001837	0.2130893620779551	-0.1562184820953078
1629.SubjectIBD511	0.3346941659207362	0.2868990061864495	0.3746401094933486
1629.SubjectIBD197	0.02391664870229484	0.025528352240366953	-0.13709405796400448
1629.SubjectIBD517	-0.09848858680734422	-0.19761537284102815	0.20240564829378396
1629.SubjectIBD394	-0.24637761384835055	-0.13008598528136878	0.17904561594788365
1629.SubjectIBD442	0.1209127423273527	0.1915709361855446	-0.113465457911705
1629.SubjectIBD139	-0.09943609012394686	-0.13671393210846128	-0.0373134374216423
1629.SubjectIBD720	-0.13183903771250383	0.16801188697963138	-0.10817423185851825
1629.SubjectIBD475	-0.30962399284882036	-0.0802501466969264	0.06073176600416942
1629.SubjectIBD348	0.08975962297749789	0.13366792601727906	-0.1798973201197052
1629.SubjectIBD508	0.37054997501026576	0.2690584177769866	0.27563844083886774
1629.SubjectIBD612	0.05532626934679493	0.1493304911941105	-0.12396943549564085
1629.SubjectIBD249	-0.2842489134099726	-0.2869871914662309	0.21521694387908968
1629.SubjectIBD687	0.44371898281813626	-0.440028130938904	-0.05522037271728192
1629.SubjectIBD091	-0.11100427697039705	0.13708072773295554	-0.13333339479260337
1629.SubjectIBD492	-0.247488025683801	-0.09962224610649567	0.14940920042291006
1629.SubjectIBD146	0.19052942592951935	-0.12275758746371725	-0.03374106771797705
1629.SubjectIBD575	0.42006018576457843	-0.40039416885601525	-0.046616506714786336
1629.SubjectIBD397	0.011448004152899679	0.20545670824178316	-0.259920318017629
1629.SubjectIBD272	-0.20292546429679656	0.05507853674695702	-0.06825515864642355
1629.SubjectIBD187	0.30919035480613855	-0.03571276673608032	-0.04325511822384341
1629.SubjectIBD236	0.31043490041257277	0.3190236070418499	0.2865979365274929
1629.SubjectIBD180	-0.20169394526994314	0.11545228644020795	-0.11740547352988633
1629.SubjectIBD136	0.06916486236683075	0.2678649034628916	0.29111012906759665
1629.SubjectIBD400	-0.20342727509533132	-0.08651657997282979	0.15208758667448516
1629.SubjectIBD616	0.4225691880981773	-0.40965616083344253	-0.04906043167316359
1629.SubjectIBD125	0.22080830047060757	0.11771617958335294	-0.1734539071600608
1629.SubjectIBD336	-0.12788071921798572	0.19580559332516212	-0.18072206344570044
1629.SubjectIBD330	-0.27875564810142345	-0.2563881588539653	0.13676518569803692
1629.SubjectIBD613	0.2825677588611561	-0.23778139984564436	-0.018087473052938376
1629.SubjectIBD116	-0.2186799179836899	-0.2882976044275932	0.1703289413830082
1629.SubjectIBD101	-0.175245439645108	0.06616392499940696	-0.06392741299509963
1629.SubjectIBD001	-0.28526643412431857	-0.19638518954244905	0.047732324450099214
1629.SubjectIBD316	-0.2422629874330608	-0.271848756142964	0.1450177425719626
1629.SubjectIBD621	-0.1507973690519801	0.07938284072033884	-0.10649338841754043
1629.SubjectIBD230	-0.32583388226553134	-0.08239809403178003	0.06862258747660167
1629.SubjectIBD684	0.44284778705930267	-0.4359875189372788	-0.052485414696645374
1629.SubjectIBD307	0.12952253196799246	0.26787844432204394	0.260845887717468
1629.SubjectIBD563	0.36646827331334975	-0.35355153879377266	-0.04995750170534372
1629.SubjectIBD244	-0.032670856143789014	0.03623572079165311	-0.23374826327218456
1629.SubjectIBD453	-0.2112921564084245	0.09373894096485016	-0.12493865268741186
1629.SubjectIBD433	-0.28694843304540996	-0.12450562991074857	-0.065325143853997
1629.SubjectIBD618	0.3023732040463048	-0.24644976626369766	-0.008528897685797886
1629.SubjectIBD177	-0.29896518003407224	-0.12355242297999335	0.13864784477679204
1629.SubjectIBD549	0.3166014461741562	0.2730809972637399	0.2973743569687697
1629.SubjectIBD096	-0.2204687542821819	0.1260526469896699	-0.034984461069494495
1629.SubjectIBD385	-0.26863391293968647	-0.2824910704344203	0.14238297230646715
1629.SubjectIBD055	-0.3200956463608382	-0.0643636682983833	0.05122887893586139
1629.SubjectIBD265	-0.18945720302955568	-0.04124976072976591	0.05716832359758648
1629.SubjectIBD678	-0.1032368985706448	-0.008327061850584603	-0.15926440543634687
1629.SubjectIBD107	0.24643262388676399	-0.21877319072285528	-0.067470931567739
1629.SubjectIBD185	-0.09773951204162656	0.15875883685327527	-0.20032478432855164
1629.SubjectIBD062	-0.2759394609902019	-0.2783390661959145	-0.0041905827437324706
1629.SubjectIBD464	-0.1980473724904726	0.01723052853871225	0.07972696725767582
1629.SubjectIBD147	-0.17981513302136834	0.05441277805861876	-0.002254942229220174
1629.SubjectIBD169	0.17003199721196752	-0.21721559133463067	-0.041611036249736284
1629.SubjectIBD283	-0.03795982222957529	0.19764598726588897	-0.14973130985384808
1629.SubjectIBD070	-0.13524631701511716	-0.013970223354361235	-0.14741282799088407
1629.SubjectIBD266	-0.1845552153635262	0.02744868020342516	-0.015346602751551978
1629.SubjectIBD484	0.008768592393843566	0.25967276209991436	0.06757794090026448
1629.SubjectIBD280	-0.26266259168560263	-0.1654001136080057	0.1776268185055093
1629.SubjectIBD087	-0.20510745073272552	-0.05653501784113464	0.09650543962813074
1629.SubjectIBD117	0.24371123036105843	-0.1205175147491999	-0.06790487779637938
1629.SubjectIBD424	-0.23211252652400102	0.0755882405738933	0.04184904898291727
1629.SubjectIBD073	0.0644642957328963	0.21965134758293683	-0.24081853675743248
1629.SubjectIBD452	-0.2501265864285297	-0.1400720855739112	0.19170004236693627
1629.SubjectIBD656	0.43274145767324695	-0.4409026568284353	-0.06524523463840844
1629.SubjectIBD375	-0.31643637135647285	-0.23064491680079524	0.18265500954203526
1629.SubjectIBD580	-0.2098972301734859	0.08981116177789827	-0.08813778738639746
1629.SubjectIBD333	-0.3031585598673701	-0.2763346682638172	0.10924954892560851
1629.SubjectIBD682	-0.12176369065417564	0.018691007330289788	-0.09001586980191056
1629.SubjectIBD226	0.25630025774205034	0.3302436231996393	0.3004423992186473
1629.SubjectIBD705	0.3727136012046601	-0.35730683085239684	-0.04617273022569841
1629.SubjectIBD322	0.11323736628235628	0.15038400751197123	-0.2171696688616502
1629.SubjectIBD403	-0.11206298701126413	0.16743396644624967	-0.09208349084322745
1629.SubjectIBD145	-0.0662805783658449	-0.05842766705274835	-0.23660949816431653
1629.SubjectIBD015	0.25613906015685073	0.3480834060271485	0.2221873824886682
1629.SubjectIBD329	0.14132876378601966	-0.072364025030113	-0.11131612087465716
1629.SubjectIBD443	-0.26687094067955575	-0.02119195061522436	-0.07066587555345902
1629.SubjectIBD115	-0.1325909453552031	-0.1630544193912299	0.00336679875350704
1629.SubjectIBD183	-0.2947720390349036	-0.11774711236048854	0.18817137082018037
1629.SubjectIBD121	0.0025396804748392494	0.2055903675263742	0.0729680355643455
1629.SubjectIBD640	-0.21863440077940044	-0.16297917566464146	0.1949978737918326
1629.SubjectIBD319	0.1003359730810912	0.2227837751087115	-0.18829093454246998
1629.SubjectIBD339	0.2617171073562916	0.08719596105012525	0.2493726699337799
1629.SubjectIBD520	0.08160795542587282	0.18033302131679568	-0.23573139181491112
1629.SubjectIBD212	0.07546048442073802	0.2613506148149513	0.1701007977225952
1629.SubjectIBD071	-0.2883675180904994	-0.12700465788939622	0.15842847811853727
1629.SubjectIBD396	0.3865334587985269	0.16484911661314441	0.39374771221516397
1629.SubjectIBD440	0.011581932409284788	0.20439847890133123	0.0569840414182375
1629.SubjectIBD304	0.1123704948310051	-0.05295800761612225	-0.03685008901153884
1629.SubjectIBD159	-0.0597169620108707	0.13441871517797624	-0.04457054614273777
1629.SubjectIBD609	0.4293346752919088	-0.42188879585270506	-0.051484165423163177
1629.SubjectIBD557	0.20551784997412242	0.11257010399865133	-0.15825099183459984
1629.SubjectIBD466	0.2078734239649913	0.2998963011105412	0.30784936823881953
1629.SubjectIBD486	0.256463514473314	0.358174407546161	0.12726089835514856
1629.SubjectIBD114	-0.2546573606837707	-0.278378367770276	0.17404120542949597
1629.SubjectIBD676	0.32965751668043536	-0.29339545914776144	-0.028278450292104844
1629.SubjectIBD325	-0.307242491624836	-0.08403111126435525	0.022099980046274514
1629.SubjectIBD074	-0.2685960375847108	0.04395517040861709	-0.02544427034702304
1629.SubjectIBD393	0.3380763084630533	0.24528582226999818	0.15196641549946258
1629.SubjectIBD662	0.2715096525716309	-0.18125034196545184	0.02208221643262276
1629.SubjectIBD050	-0.1895289006182772	0.10007050541026853	-0.14893880443006807
1629.SubjectIBD581	0.40980762197567583	-0.3898685632751483	-0.04420351081472014
1629.SubjectIBD476	-0.237841437674697	-0.1170887411854053	0.0512306719329256
1629.SubjectIBD601	-0.2477972946898747	-0.1693362490468213	0.22062496624906283
1629.SubjectIBD441	0.2573124574302589	0.33218970459303265	0.28596512323745654
1629.SubjectIBD428	-0.2496205426833044	-0.3678054005636008	0.19134838782741614
1629.SubjectIBD657	0.3128529133252718	-0.227756045778294	-0.024376800687428046
1629.SubjectIBD627	0.06148840776915068	0.2849065684133567	0.0583853981386699
1629.SubjectIBD713	0.29105667338266655	-0.1688168371300947	-0.06668632469694442
1629.SubjectIBD664	-0.14336213734656203	-0.030065061618859586	0.041666488904997814
1629.SubjectIBD654	-0.1337096800989215	0.17469279599218834	-0.1912931106972378
1629.SubjectIBD184	-0.22475708596783966	-0.08716740667107942	0.11716056095215496
1629.SubjectIBD033	-0.11966383695096042	-0.007546261226176962	-0.17094240427215399
1629.SubjectIBD215	0.22409493963235405	0.27460299334317906	0.312722635824739
1629.SubjectIBD135	-0.005821788938203376	0.170534457067484	-0.17145003581783796
1629.SubjectIBD194	-0.13088236389975513	0.19517881648040913	-0.12210168376939805
1629.SubjectIBD293	-0.18732470561517184	0.146404474665731	-0.12709144844437398
1629.SubjectIBD198	-0.14977899782372875	0.1363372153797857	-0.11903379852524092
1629.SubjectIBD195	0.16161737001110577	0.17957006526223127	-0.12836665325608296
1629.SubjectIBD666	-0.16432029294572054	0.04751084086502304	-0.08527402886047614
1629.SubjectIBD347	0.04274025803516177	-0.098998272055312	0.010286376137372462
1629.SubjectIBD513	0.3324542300190777	0.3073018733453297	0.18177694319779034
1629.SubjectIBD417	0.26043973114890695	0.3331362067933868	0.3105750667384868
1629.SubjectIBD221	-0.12339096098668602	-0.12183277129582004	0.060845208368389476
1629.SubjectIBD406	-0.16942521110933476	-0.3342813610577947	0.24328654714477538
1629.SubjectIBD299	-0.18380088360243826	0.14925671230875923	-0.1083358170124377
1629.SubjectIBD223	0.3162166412446655	0.2526431674992667	0.37061783696018213
1629.SubjectIBD699	0.43257227225057665	-0.4404574095840906	-0.06533493250165069
1629.SubjectIBD381	0.17264421105944902	0.11300752943854019	-0.16579145864381506
1629.SubjectIBD457	-0.21525429602589166	0.05246828953483897	0.06743059513912714
1629.SubjectIBD541	0.20481845631233336	0.14013163812053894	-0.20084091675174492
1629.SubjectIBD313	-0.15997630223762285	-0.08549136432962963	-0.21167864156329888
1629.SubjectIBD057	-0.296605026014401	-0.0006795465218737392	0.005594566641307728
1629.SubjectIBD495	-0.02297800660450659	0.15946700755757637	-0.047807711613786476
1629.SubjectIBD090	-0.24366691881429897	-0.1203318761766122	0.16284013410851175
1629.SubjectIBD225	0.40734977229347524	0.24971648766768287	0.3453030276506964
1629.SubjectIBD251	-0.09249038690775355	-0.0965035326445632	-0.01573850877146372
1629.SubjectIBD064	0.1694254387996419	-0.15714264095760655	-0.11540534984817602
1629.SubjectIBD415	-0.17931326192346897	0.04512362435982135	-0.06124248294576066
1629.SubjectIBD355	0.20484594010309728	0.23430228017501245	0.336901547638734
1629.SubjectIBD602	0.21247523042516123	-0.04212052793895519	-0.11806960062677836
1629.SubjectIBD192	-0.2522120348856598	-0.07016048566542962	0.16239008052518145
1629.SubjectIBD104	-0.2876375562749062	-0.0006193390073840571	-0.021352615357301416
1629.SubjectIBD707	0.2834809221840097	-0.2347057322967277	-0.010120947629000924
1629.SubjectIBD085	-0.21084048585544918	-0.14736935010890095	0.21459193651327615
1629.SubjectIBD594	0.4225241706688981	-0.39087098010351656	-0.03175822528892239
1629.SubjectIBD257	-0.13069005087851374	-0.029282385240843877	-0.18983042109209172
1629.SubjectIBD663	-0.24915324327671934	-0.14011351179055903	-0.0463729749570345
1629.SubjectIBD546	0.07347259236683769	0.14868275458477045	-0.22252962881337832
1629.SubjectIBD273	-0.046202632855217834	0.2220256721342277	-0.23189024561232302
1629.SubjectIBD708	-0.014100331839051745	0.201337482211431	-0.23373783147234098
1629.SubjectIBD025	-0.31128975755144966	-0.2200880844895973	0.012420788512915839
1629.SubjectIBD543	0.1837205943823085	0.1453539457474485	-0.1739492381071935
1629.SubjectIBD075	-0.19681552771828376	0.05984473382704173	-0.0732197793155095
1629.SubjectIBD279	-0.28436253644971826	-0.1286718415984618	0.10051799451706107
1629.SubjectIBD217	0.26000211515687627	0.2967021396889709	0.2284967403200098
1629.SubjectIBD034	-0.03363398816872704	0.042215015279416596	-0.2517020945027007
1629.SubjectIBD141	-0.1931755087835285	-0.03042659493712196	-0.14664108014235241
1629.SubjectIBD395	0.224384254566408	0.2617888239966424	0.2973190419691482
1629.SubjectIBD108	0.06720547878260766	-0.10739601707489844	-0.1999539167319195
1629.SubjectIBD444	-0.21134789037673282	-0.20462434378685432	0.220859673275724
1629.SubjectIBD340	-0.07287884698328248	0.0685790090744017	0.20165491501207122
1629.SubjectIBD432	0.14243098215678576	0.02044809622196858	-0.1355172792499165
1629.SubjectIBD011	0.15437077538525232	0.30073161757658856	0.2784539071319265
1629.SubjectIBD143	0.1325566466551882	-0.12274406985705091	-0.018202972043447296
1629.SubjectIBD270	-0.2643898231396883	0.016810517003657415	-0.01897709425560409
1629.SubjectIBD661	0.3139628094248688	-0.2921000793983057	-0.03633965285875149
1629.SubjectIBD014	0.043009291143845295	0.26380186063601596	-0.13215069329360352
1629.SubjectIBD219	-0.2648751324122668	-0.027968876512707876	0.07550358423351022
1629.SubjectIBD429	0.2298169466861301	0.27639879978723003	0.3153327961169061
1629.SubjectIBD556	0.44343559343030686	-0.4403144053395087	-0.05420937460214802
1629.SubjectIBD528	0.01865803441868554	0.22465225955105	-0.14767324311377225
1629.SubjectIBD132	-0.13109855943240958	0.1393253257878047	-0.10691020161090635
1629.SubjectIBD131	-0.0046590767171415795	0.10159963545213403	0.14448625970738452
1629.SubjectIBD009	0.11794286196637352	0.0999801449047479	-0.05695336971298157
1629.SubjectIBD093	-0.2994726466885351	-0.10822005569548787	0.17976139608093303
1629.SubjectIBD002	-0.030822686605010995	0.15327871508783977	-0.23110264862465016
1629.SubjectIBD667	-0.2534653417427065	-0.19539538971161655	0.24055853511070066
1629.SubjectIBD172	-0.05009315508311202	-0.08476605917395516	-0.13984504310814558
1629.SubjectIBD247	0.19092410894993347	-0.007608647287602701	-0.21251958721854727
1629.SubjectIBD712	0.3075618925362912	-0.23497695225735854	-0.0014363488126146612
1629.SubjectIBD493	-0.21560285983058036	0.11346513435259123	-0.10124817479413163
1629.SubjectIBD534	0.1408271565831516	0.12215315122572712	-0.13262113470403517
1629.SubjectIBD674	-0.235463916535442	-0.17445852247286026	0.20059093893388896
1629.SubjectIBD446	-0.31904553850961687	-0.08457011891218438	0.09279730259053205
1629.SubjectIBD213	0.3698115460668597	0.22396564633912536	0.36447815882582
1629.SubjectIBD438	0.3948414085449528	0.2811191602242078	0.38126784244962997
1629.SubjectIBD460	0.053017524977738845	0.21686748697372113	-0.2697666225831311
1629.SubjectIBD463	0.29808582548929463	0.29116318736619706	0.34925202293426016
1629.SubjectIBD052	-0.15232783113535736	0.1114793033914247	-0.19962833628604262
1629.SubjectIBD161	0.1870824130004937	-0.15735777091465214	-0.14377869724310266
1629.SubjectIBD497	0.18142966167337102	0.14798508536190036	-0.23081347018569587
1629.SubjectIBD094	0.0669307745181196	0.057259610807166135	-0.09652214931803824
1629.SubjectIBD140	-0.20478910067790648	-0.07636664543003766	-0.10088334034069979
1629.SubjectIBD149	0.06014558046944627	0.19010025217524526	-0.09896360685897848
1629.SubjectIBD368	0.1990080118050675	0.10399752710564182	-0.11526278819910339
1629.SubjectIBD255	0.11251788009420964	0.16758381436285588	-0.2089573878474544
1629.SubjectIBD701	0.4219141321279786	-0.42406381239248236	-0.05893141971803284
1629.SubjectIBD065	0.17652938675233773	-0.1252989195194056	-0.13310409374776616
1629.SubjectIBD154	-0.25122287281974814	0.005926810848244719	0.04902549270266132
1629.SubjectIBD022	-0.2834284679590415	-0.030689750833669205	0.016431952483865555
1629.SubjectIBD190	0.10491220926788668	0.1755504074116766	0.32030775619421065
1629.SubjectIBD081	-0.12427638891985317	0.1371580277321281	-0.12965992235349452
1629.SubjectIBD220	-0.15051874604081805	-0.023442075731427668	-0.021254494014731982
1629.SubjectIBD554	-0.25160727114215264	-0.22414232207332657	0.23358124505260827
1629.SubjectIBD564	0.3536084878608132	-0.3323512864842903	-0.03401838442112302
1629.SubjectIBD191	0.11162803844327646	0.16595630538845288	0.3224525813518789
1629.SubjectIBD690	0.00581902743705299	0.21700750894803003	-0.12124725605047446
1629.SubjectIBD369	0.15974732131180433	0.2356925419609076	-0.02602344472562991
1629.SubjectIBD178	-0.26300958441024563	-0.11652761830548046	0.15046265057333466
1629.SubjectIBD066	-0.21632541562128554	0.061523029637032704	-0.0734090048116666
1629.SubjectIBD360	-0.32247943369949233	-0.1402139954880671	0.021406543567796036
1629.SubjectIBD010	0.1299778838685126	-2.0239884345750618e-05	0.011649265405051184
1629.SubjectIBD531	-0.19603653521961223	-0.3490778995676937	0.19840802613856398
1629.SubjectIBD599	0.2933134504438851	-0.16296703316118719	-0.03178881450759045
1629.SubjectIBD376	-0.30460414995802937	-0.17677608362020888	0.11815209344608495
1629.SubjectIBD337	-0.08464555397582331	0.23567222930485432	-0.19120432809430624
1629.SubjectIBD488	0.1235370307033751	0.32088462947515584	0.1679445320788323
1629.SubjectIBD023	-0.17087063339633998	-0.0546016557514167	-0.11914564501673848
1629.SubjectIBD679	-0.32908987553060065	-0.14616662204955844	0.09968816373486514
1629.SubjectIBD448	0.06592285346558382	0.09679590591625986	-0.1669750340729809
1629.SubjectIBD359	0.16936068881614322	0.17681023208280178	0.0007592919101911326
1629.SubjectIBD350	-0.03146663537372211	0.18851105083308897	0.32061904220225196
1629.SubjectIBD507	0.28133411715790246	0.2422056749491555	0.3481645546969636
1629.SubjectIBD696	0.001156842400581048	0.1282790156884884	-0.12939256311181996
1629.SubjectIBD343	-0.0945129731890233	-0.032820886648586865	-0.024051794856938074
1629.SubjectIBD659	0.43646764290628254	-0.42039426139506236	-0.045660452269768385
1629.SubjectIBD305	-0.13834556011253032	0.1743867693626049	-0.1540688654495861
1629.SubjectIBD607	-0.020560762548248023	0.270476370405605	-0.11172086292944904
1629.SubjectIBD584	0.29940683687201913	-0.1896734002113848	-0.04927874638749864
1629.SubjectIBD126	-0.155870832316744	-0.030674273961801668	0.07133021854796304
1629.SubjectIBD098	-0.10114275238440534	0.22268101686944533	-0.16995105460611798
1629.SubjectIBD500	0.10068323996640798	0.12346854755105595	-0.07830723596736196
1629.SubjectIBD506	0.2898932809091921	0.33850459972751795	0.2928753723578705
1629.SubjectIBD129	-0.2655146525687816	-0.016671782328473127	0.05924492291188018
1629.SubjectIBD288	-0.22279755901492918	-0.058653251761642454	0.048911064302922753
1629.SubjectIBD320	0.14072844711605073	0.13214301450049612	-0.2097727942170899
1629.SubjectIBD637	0.08103113437324928	0.07287597798619912	-0.07233187539164945
1629.SubjectIBD370	0.14065702634764948	0.10328777477550356	-0.13688385761875635
1629.SubjectIBD157	-0.0299406956623132	0.24002965354180766	-0.09376530897937645
1629.SubjectIBD459	0.20263117264333758	0.020718986835381266	-0.162382334100846
1629.SubjectIBD231	-0.26507516522087105	-0.16110788713054844	0.20763202475482537
1629.SubjectIBD269	-0.3063532734590558	-0.09579649161597695	0.12090025790119774
1629.SubjectIBD474	-0.10571867182105002	-0.013737407618108982	-0.009313960483864474
1629.SubjectIBD253	-0.2652130119961843	-0.06363106470353791	0.10345972151303397
1629.SubjectIBD095	-0.17568494240975502	-0.32860152767226863	0.2437731688526402
1629.SubjectIBD367	-0.04225007396980507	-0.05624015017756506	-0.015741590380919056
1629.SubjectIBD675	-0.2422499487776921	-0.021306188199603105	0.037720369542297696
1629.SubjectIBD008	-0.07445615505265225	0.19158031108150977	-0.017068617323377756
1629.SubjectIBD061	0.09413066264269043	0.133877859300051	-0.1680420850653321
1629.SubjectIBD725	0.392813200331298	-0.3737905269504877	-0.04761143951478551
1629.SubjectIBD478	-0.20283395867812615	-0.01990011324128047	-0.0819648743801543
1629.SubjectIBD174	0.08574949915506903	0.0021357914208990593	-0.14322052134303018
1629.SubjectIBD363	-0.26351120940904565	-0.26706529358300457	0.23326814454671888
1629.SubjectIBD589	0.39446431937945553	-0.3938578008509778	-0.06002306453273682
1629.SubjectIBD502	0.04738213260654179	-0.05233738752566794	0.3203250426686747
1629.SubjectIBD228	0.06788578152154108	0.10843436636797375	0.029299937634404763
1629.SubjectIBD439	-0.04453691895198762	0.008394299825103141	-0.07171864956892779
1629.SubjectIBD435	0.19987159175525626	0.18888197760847922	-0.17007409151880215
1629.SubjectIBD487	0.3675535717740016	0.2926311150582759	0.27831070831279664
1629.SubjectIBD189	0.0666860483205287	0.2135991392778587	-0.04650982645921459
1629.SubjectIBD647	0.37084186373741285	-0.32776010829536567	-0.018372861346714085
1629.SubjectIBD112	0.22091696936102748	-0.1408218867022508	-0.06678221229822028
1629.SubjectIBD241	-0.17609637483360083	-0.037899335802225154	0.2533930308750886
1629.SubjectIBD092	-0.2724616182120724	-0.004221182415373516	-0.014491455356186811
1629.SubjectIBD669	-0.02094366004945667	0.2106119790252457	-0.22116361052595832
1629.SubjectIBD110	0.12298188436627144	-0.1973097817020123	-0.03663036235129773
1629.SubjectIBD462	0.1494432317328361	0.3031396938389788	0.18137937439545318
1629.SubjectIBD512	0.4016467610986847	0.1665495926166962	0.22356519945591577
1629.SubjectIBD086	-0.2983704664029741	-0.005008053498848166	-0.04332138328161441
1629.SubjectIBD482	0.3213350756194125	0.33132310891341304	0.29854812957546273
1629.SubjectIBD188	0.2645303939906383	0.3231793428870431	0.28875523263152647
1629.SubjectIBD694	0.43671806016793324	-0.43465817873716217	-0.05372352763430025
1629.SubjectIBD600	0.1332519558962162	0.003799037077334029	-0.050941288379007126
1629.SubjectIBD301	-0.24898874499669957	0.08212812078013493	-0.03910572394311041
1629.SubjectIBD510	0.354344927131585	0.29211288796329454	0.31014666509023564
1629.SubjectIBD242	0.18329127621716182	-0.021977301840437728	-0.20375937134423933
1629.SubjectIBD357	-0.18564196134898595	-0.016125938060172058	0.0707028081100814
1629.SubjectIBD711	0.4048774604766346	-0.3697442022696803	-0.030607736914840394
1629.SubjectIBD623	-0.2903872892353345	-0.05245491054811655	-0.021734198290786308
1629.SubjectIBD695	-0.2639184547640111	-0.10517820995105859	-0.06297869823287568
1629.SubjectIBD665	0.4223794132040544	-0.4055786994899268	-0.04919700651066919
1629.SubjectIBD540	0.052747274122942577	0.20991288108129388	-0.2212234871077655
1629.SubjectIBD652	0.44765333753539444	-0.46105233696092635	-0.06885886998193491
1629.SubjectIBD063	-0.21591707047937142	-0.22489057019425626	-0.024730479052519936
1629.SubjectIBD447	-0.15658403190450565	0.08851692307167977	-0.0053564267108859795
1629.SubjectIBD102	-0.03077056691948759	0.08922409890949928	-0.27352872522080823
1629.SubjectIBD568	0.40877691788187587	-0.39070987473400065	-0.04410902476676849
1629.SubjectIBD289	-0.19031611398780562	0.06267419347206797	-0.06003328143983095
1629.SubjectIBD633	0.4026662868544081	-0.3992243302618038	-0.059317455527934285
1629.SubjectIBD349	-0.07408175597151614	0.040755652724100755	-0.21915485789868966
1629.SubjectIBD356	0.15312102980965883	0.2911404072341931	0.27556440708972496
1629.SubjectIBD267	-0.1550117979812839	-0.09564196475847732	0.08644678502964491
1629.SubjectIBD553	-0.18736618210946432	-0.05243302041168038	-0.026563543562597474
1629.SubjectIBD646	-0.30452870716659014	-0.19404548654659573	0.1831915938318401
1629.SubjectIBD402	-0.18016757796694252	0.16507003591252425	-0.11463133805369158
1629.SubjectIBD166	0.18327995971065242	-0.16299786030165997	-0.12024854882277172
1629.SubjectIBD477	-0.2579930884096539	-0.15861358537410153	0.1461887010777649
1629.SubjectIBD501	0.28298073238030114	0.2015313955796489	0.3260156149485676
1629.SubjectIBD018	-0.15645002085753007	0.1446493341953462	-0.18809350732732436
1629.SubjectIBD296	-0.043308823527262695	0.01993185930594809	-0.045242481346650466
1629.SubjectIBD491	-0.055766708389092715	0.1669369557142787	-0.21215760256442065
1629.SubjectIBD127	-0.1621551829197778	0.1667055909758016	-0.15332809016218224
1629.SubjectIBD292	-0.2580173195879429	0.027988759565857425	0.042958698851341494
1629.SubjectIBD005	-0.20805669784214248	-0.07110249744598829	-0.042149444587394086
1629.SubjectIBD382	0.18071381274160958	0.21312453153869906	-0.06815851336069065
1629.SubjectIBD332	0.14298083545134205	-0.11472724902634361	-0.14712489923605598
1629.SubjectIBD427	-0.2753086880951085	-0.05339518347844967	0.2005120721605463
1629.SubjectIBD234	-0.3019721472453653	-0.144588402334137	0.12359985260292664
1629.SubjectIBD445	-0.21788423044014926	0.06740604067287717	-0.06697263422124404
1629.SubjectIBD170	-0.27799956696174355	-0.14268031897994576	0.06077461066988995
1629.SubjectIBD561	0.12292846240763726	0.21324719514255158	-0.20421379151704566
1629.SubjectIBD317	0.2697504744042554	-0.2548266700434027	-0.06361737694106018
1629.SubjectIBD378	-0.14299566653454943	-0.2974041125498033	0.071169145747732
1629.SubjectIBD365	-0.3042742179525149	-0.19193192807355539	0.19357275098773746
1629.SubjectIBD723	0.4321089943944004	-0.420305477232129	-0.0488058868776416
1629.SubjectIBD006	0.10873765416425034	0.29476537802565045	0.13336980783962124
1629.SubjectIBD206	0.05012473929378648	0.2043949414974388	-0.08128107920562191
1629.SubjectIBD703	0.4276948096435666	-0.420305845273074	-0.05071765573180871
1629.SubjectIBD719	0.37890760079505315	-0.3654991760115026	-0.050187647482289224
1629.SubjectIBD200	-0.19274318620198883	0.016396306149981277	-0.19300300933293765
1629.SubjectIBD586	-0.24837980488504677	-0.19689129109999243	0.1364868187329937
1629.SubjectIBD555	0.13139056821002446	0.1445842388987733	-0.2482904636289156
1629.SubjectIBD113	-0.18404299711922917	-0.25068595435820856	0.10543491843715133
1629.SubjectIBD235	-0.08109406635696288	0.013304805595066216	0.1076802115848041
1629.SubjectIBD082	-0.10043311032520098	0.18233667106691984	-0.14611527451780582
1629.SubjectIBD481	0.29403036461152476	0.19441749686351154	0.31721214004041187
1629.SubjectIBD620	0.3809026321524839	-0.3679869428181758	-0.053025650905057814
1629.SubjectIBD535	0.22066682145055883	0.3577634581903031	0.19703169557639122
1629.SubjectIBD498	0.19386496854420593	0.12076810925837864	-0.2445622846400498
1629.SubjectIBD458	0.35313917731576533	0.1902500692082375	0.24278284680848639
1629.SubjectIBD411	-0.20580637906899338	-0.15714838766568165	0.14703282498717327
1629.SubjectIBD083	-0.29321228482945044	-0.18098935272300115	0.21713849812549188
1629.SubjectIBD204	0.18010822628025877	-0.11316812449650945	-0.1335749381076198
1629.SubjectIBD079	0.012476421734419181	0.2245535827129908	-0.272865033077886
1629.SubjectIBD691	-0.21018214576288866	-0.28351631260434473	0.21075894936013612
1629.SubjectIBD158	0.14691065023410713	0.21574158867708287	-0.21636144790537612
1629.SubjectIBD072	-0.10063698476317062	0.10219843828914861	-0.0837360705966732
1629.SubjectIBD047	-0.08857172241933373	0.18261632291129654	0.23502729286559507
1629.SubjectIBD642	0.20462849971358962	-0.04628874182907097	0.05008401465839183
1629.SubjectIBD227	0.31349000464061527	0.3178404140390217	0.21418157863306367
1629.SubjectIBD167	0.22418319533187595	-0.13478863696612003	-0.16081236057781764
1629.SubjectIBD392	0.10401022518505242	-0.045334605131057706	-0.18740471687290197
1629.SubjectIBD571	-0.2787193044179051	-0.20258774564074444	0.1747634995953172
1629.SubjectIBD377	-0.19892057185185744	0.026644738640087217	-0.1744281682313796
1629.SubjectIBD106	0.22547590755118369	-0.12854820848109513	-0.026490298556470136
1629.SubjectIBD201	-0.19357644619723183	0.030557600990651832	-0.18691239908756638
1629.SubjectIBD372	-0.29305150918335554	-0.2692250844647862	0.20568168529754383
1629.SubjectIBD521	-0.044894107380758205	0.11595365042809795	-0.18731706660027891
1629.SubjectIBD677	0.40318890375984057	-0.40558757708614085	-0.06189136558424266
1629.SubjectIBD538	-0.05970064242266596	0.11217128833238288	-0.15324610323556626
1629.SubjectIBD389	0.19573231077242934	0.0005542680307921743	-0.19410694369622522
1629.SubjectIBD523	-0.07457066048066747	0.07548346770219927	0.04185080454721778
1629.SubjectIBD069	-0.24055682922719623	-0.010925193112610225	-0.13594453852510166
1629.SubjectIBD318	0.09709922024180818	0.21373663678097288	-0.1661375631788943
1629.SubjectIBD361	-0.2673412182948346	-0.04991702804812628	-0.0815230654132021
1629.SubjectIBD611	0.37485724493641925	-0.34503153614079507	-0.03174443466455997
1629.SubjectIBD290	0.13334679353907739	0.17858893975675086	-0.18938885322828772
1629.SubjectIBD572	0.01148205434482477	0.028220085924211505	-0.10487065823490278
1629.SubjectIBD398	0.3361023307980525	0.31068788483258736	0.31066856524942654
1629.SubjectIBD490	-0.14986905094078376	0.13449201352413934	-0.10565120467761761
1629.SubjectIBD035	-0.19359643564707604	-0.1325084789954896	0.1928960259341804
1629.SubjectIBD314	-0.2494364529873367	-0.30875329407804475	0.11569399154386356
1629.SubjectIBD436	0.2264630824736227	0.3159078249399256	0.0319538532980135
1629.SubjectIBD450	0.28521874569188516	0.31352167821266846	0.29750744266899165
1629.SubjectIBD524	0.026052788218389213	0.2544559141648621	-0.096402609678371
1629.SubjectIBD577	0.304579984824393	-0.24339999326332443	-0.0023657614967531114
1629.SubjectIBD342	0.406211066564312	0.09861720520797702	0.41038500042825654
1629.SubjectIBD043	-0.06150975343498074	0.1764116746427281	-0.22119494159774122
1629.SubjectIBD455	-0.2989992864273248	-0.10051663160963947	0.1629012746741946
1629.SubjectIBD547	-0.22465525640724957	0.0322237391858638	-0.002425967817152114
1629.SubjectIBD456	0.07231004278274725	-0.10784525046072822	-0.11664446809269287
1629.SubjectIBD308	0.16418758882206574	-0.03862225678053621	-0.013977391444852697
1629.SubjectIBD216	0.2916557144914603	0.3106555039109035	0.16871123384649703
1629.SubjectIBD250	0.05309961929993602	0.12352673635098065	-0.15818141822117876
1629.SubjectIBD371	0.28048000614157576	0.2872144613717794	0.33054866375205383
1629.SubjectIBD261	-0.24810804823189322	-0.33909402749962153	0.11695397500099551
1629.SubjectIBD354	-0.21613088731367955	-0.02359110813800083	-0.04169036489258011
1629.SubjectIBD645	0.36445652616865754	-0.31175604362504644	-0.013475176165083395
1629.SubjectIBD003	-0.2225870600765156	0.09553036020958514	-0.037071136529334546
1629.SubjectIBD451	-0.1276093072547667	0.05254922172691963	-0.0785375855287578
1629.SubjectIBD209	-0.25521325365240266	-0.24273679127931413	0.11355756924839647
1629.SubjectIBD031	-0.30830259401538324	-0.2720497518686141	0.17744230630415286
1629.SubjectIBD409	0.14437650367429758	0.2788573808584144	0.18249101779132332
1629.SubjectIBD615	-0.03163616815179444	0.13368982715193012	-0.13517334636305156
1629.SubjectIBD576	0.4261069666988661	-0.4173217357856684	-0.05704706794421476
1629.SubjectIBD196	0.08271981443643171	0.08340552581582918	0.03159209210125741
1629.SubjectIBD635	0.26473143040556757	-0.23937684233250967	-0.035731291760258764
1629.SubjectIBD016	-0.10357869577273107	0.15480860833570087	0.30104794704038906
1629.SubjectIBD282	0.041205384681570895	0.2391145004011291	-0.1299401869980466
1629.SubjectIBD264	-0.04647457517063457	0.22051036891571477	-0.21109739427024243
1629.SubjectIBD461	-0.09577867184439938	0.17745474071766526	-0.210625952980366
1629.SubjectIBD077	-0.25276311714834204	0.008865258126732046	0.004803868349320243
1629.SubjectIBD168	-0.22205376664825877	-0.16426462329599809	0.10170925099667295
1629.SubjectIBD248	0.04271929782896641	0.1589149623655353	-0.1568950474301449
1629.SubjectIBD552	0.2965921655312503	0.29236965948677335	0.2638024123922518
1629.SubjectIBD004	-0.24229721690791498	-0.2196572309056344	0.19062997736223272
1629.SubjectIBD323	-0.10082472246195184	0.16496433035718044	-0.14510650928483315
1629.SubjectIBD240	-0.10703460599747186	0.18276363530488482	0.017476412446040153
1629.SubjectIBD327	-0.32610693161986976	-0.26444521981520236	0.11997525134585552
1629.SubjectIBD032	-0.1381717708319038	-0.033234210222130474	-0.1621951377944972
1629.SubjectIBD420	-0.21665544018060953	0.05515075857160821	0.018534559324690274
1629.SubjectIBD056	-0.22515893714724816	0.06911038500051664	-0.09864711610813431
1629.SubjectIBD509	0.3186276688098557	0.24483368178674975	0.3751752415031994
1629.SubjectIBD578	-0.28516552528579814	-0.21916832551864124	0.047096325578050595
1629.SubjectIBD670	-0.22640118500552475	0.09785952456931007	-0.13731404629928912
1629.SubjectIBD622	0.32690084231044575	-0.2557482374310102	-0.00783034757900107
1629.SubjectIBD503	0.43626661862273	0.2337123450734455	0.4328679270972213
1629.SubjectIBD300	-0.23037933238490418	0.07627001090840324	-0.02598655501588543
1629.SubjectIBD496	0.01166129844166529	0.24613847996328572	-0.12370015731130635
1629.SubjectIBD036	-0.15445834488264537	0.12035854390370783	-0.12396562858954736
1629.SubjectIBD256	0.11341863726474662	-0.08597701283565583	-0.0860096477213885
1629.SubjectIBD515	0.06701580788796727	0.09843757954174528	-0.10830120228540649
1629.SubjectIBD297	-0.2951121705645269	0.0019222515354270489	0.011632377752189262
1629.SubjectIBD680	0.42192805002084255	-0.42183320930359347	-0.055138677839824464
1629.SubjectIBD060	-0.24380273515726614	0.04878833406501204	-0.08191928014807774
1629.SubjectIBD542	0.11124728953238117	0.260560684407255	-0.20041385454095936
1629.SubjectIBD472	-0.02750723214121131	0.22858716885902935	-0.1893153873414021
1629.SubjectIBD017	-0.11312901117659395	-0.22427237830127603	0.21029621991184297
1629.SubjectIBD303	-0.2900171065735706	-0.0730408406829732	0.1632860712044484
1629.SubjectIBD437	0.3904368713773469	0.27053649971853944	0.3019966565707627
1629.SubjectIBD179	-0.1884003771179559	0.05267787562302781	-0.06980710070943694
1629.SubjectIBD426	-0.10938293234590296	0.09938272847580093	-0.11267814109175038
1629.SubjectIBD124	0.13357297136113014	0.1316048422970398	-0.11917872078237948
1629.SubjectIBD660	0.4370012473085044	-0.4443571357845566	-0.06403507166134975
1629.SubjectIBD401	-0.1882509857440687	-0.15909982118004534	0.23218741062280956
1629.SubjectIBD298	-0.22091470187215037	-0.115133581994854	0.1846150311441936
1629.SubjectIBD468	0.2000638043574843	0.2534372370942806	0.3377674085866314
1629.SubjectIBD222	-0.021874415859531864	0.11889649779805633	-0.12512350966546607
1629.SubjectIBD639	0.4020255281378793	-0.3655500477205916	-0.02466037915701353
1629.SubjectIBD274	-0.17196780841359713	0.028013969127364556	-0.00017331563714699654
1629.SubjectIBD281	-0.1911115876947171	-0.17110358127198766	0.07095213858246607
1629.SubjectIBD526	0.3724393058779948	0.2733311352905577	0.320890361251209
1629.SubjectIBD119	0.25149130324526486	0.1903960152078304	-0.09479791022400107
1629.SubjectIBD211	0.2170981359882863	0.15192948871467038	0.3235929004085082
1629.SubjectIBD550	0.15979047893391773	0.1941008371329001	-0.0906189068359
1629.SubjectIBD582	0.43162201150492346	-0.4080076276735913	-0.037246598832342395
1629.SubjectIBD013	0.12078303270596111	0.18145206335719233	-0.18791643821085474
1629.SubjectIBD076	-0.10197978212710868	0.12410323222415189	-0.1302284698602676
1629.SubjectIBD434	-0.31384193135332084	-0.03578586891178763	0.13257859755924897
1629.SubjectIBD379	-0.1441150170860498	0.0317262966108729	-0.1112836768078728
1629.SubjectIBD529	-0.259839485637641	-0.08301045804505722	0.12936318210936945
1629.SubjectIBD527	-0.005604701094024116	0.2309726923481371	0.0004062466338671974
1629.SubjectIBD007	0.06870489672879646	0.27539756103159574	-0.12738965624731066
1629.SubjectIBD331	-0.23209860738082785	-0.1597585042933299	-0.0015113421370319931
1629.SubjectIBD171	0.17651533954757762	-0.012758636933284414	-0.15044547761576293
1629.SubjectIBD175	-0.27268706046116614	-0.22565503429680417	0.1540139794583998
1629.SubjectIBD039	-0.21676728512383212	0.04958717040314666	-0.07942390900773243
1629.SubjectIBD122	-0.15620773013096112	0.11751621540469304	-0.05847184919228721
1629.SubjectIBD164	0.24691481225831796	-0.21501861036839262	-0.02542797589252448
1629.SubjectIBD019	-0.1352624606177351	0.18066463760251628	-0.17453232165298704
1629.SubjectIBD632	0.3991179827628367	-0.3685995547095188	-0.037948870994418286
1629.SubjectIBD024	-0.17754887635461006	-0.12233843055653287	-0.18557657760528917
1629.SubjectIBD716	0.41039732585677186	-0.40884406718968525	-0.05905662586904991
1629.SubjectIBD399	0.48118654428287766	0.12728984496137685	0.5160717104877041
1629.SubjectIBD084	0.05340838094175663	0.23983321278123232	-0.2237483609044504
1629.SubjectIBD499	-0.23743954981444773	0.08049081433749804	-0.03265555353950771
1629.SubjectIBD724	-0.03434821237801956	-0.03397358537474982	-0.05074413554195923
1629.SubjectIBD706	0.030297924646728532	0.2274656197366238	0.20957321523362385
1629.SubjectIBD579	-0.041160433291482695	0.16419216246001347	-0.07579641055423596
1629.SubjectIBD537	0.24220238280530063	0.07809728316234289	-0.18852631244589815
1629.SubjectIBD262	0.1750758632950137	0.1747745816289296	-0.239687621103518
1629.SubjectIBD351	0.2073849864409957	0.1753435136592203	0.3405303327587459
1629.SubjectIBD153	-0.12058893000124554	0.018233130578360027	0.39051612084299203
1629.SubjectIBD311	0.2266551539394988	-0.10593459325175461	-0.18961986538725895
1629.SubjectIBD485	-0.07541333126527072	0.15976548580633487	0.26669373552122694
1629.SubjectIBD388	-0.04846467607269045	-0.012706288444476662	-0.20738075782737025
1629.SubjectIBD641	0.42876558766400935	-0.41044686185789914	-0.044667127702043084
1629.SubjectIBD207	-0.3076158564630214	-0.1059869977114043	-0.011053107790488114
1629.SubjectIBD644	0.30644243298254453	-0.14447565880355356	0.04287490235978169
1629.SubjectIBD214	0.2937478363934236	0.25398920469278663	0.32754631377925
1629.SubjectIBD431	-0.23231402995020597	-0.09245278039721784	0.19002201201739108
1629.SubjectIBD048	-0.30032882332619687	-0.08131909727709498	0.16535589744286738
1629.SubjectIBD027	0.2734326197249364	-0.2317603413273577	-0.019738494513359375
1629.SubjectIBD138	-0.0674243936720012	0.030472998860521686	-0.249971277871631
1629.SubjectIBD080	-0.2189865388145711	0.07253005106448934	-0.1101095276547907
1629.SubjectIBD051	0.16981800704635336	0.06527359347948748	-0.19913806477728904
1629.SubjectIBD245	0.16398494072419406	-0.06501379449260287	-0.05740442015812074
1629.SubjectIBD068	-0.30038784909379096	-0.03776266036006873	-0.03593306006249551
1629.SubjectIBD471	-0.17632666874570924	0.15601568745590835	-0.1365755432714173
1629.SubjectIBD258	0.06073737873522864	0.02964885121608265	-0.2208019555963208
1629.SubjectIBD044	0.15918654754777736	0.15335992630503853	-0.2261551932440415
1629.SubjectIBD186	-0.3148703493967841	-0.1062386070713731	0.04115167770943679
1629.SubjectIBD449	-0.209752524103838	0.09617051875047211	-0.1113777920360732
1629.SubjectIBD653	0.35716834882111664	-0.3604288157402301	-0.0554837957102999
1629.SubjectIBD029	0.2081785348264777	-0.18138854139402608	-0.10126527098006805
1629.SubjectIBD259	-0.269858317587521	-0.22710176811615734	0.06951008335618374
1629.SubjectIBD525	0.04009584832298297	0.2527400430974682	-0.09074558916434693
1629.SubjectIBD309	-0.004480360845281683	-0.07236185494662788	-0.047452414437574496
1629.SubjectIBD205	0.05459861296561914	0.24107773872116836	-0.24991953353612964
1629.SubjectIBD099	-0.2932298119178147	-0.007359602236722985	0.08441151039969447
1629.SubjectIBD203	-0.2680643720638002	-0.09079823346109159	-0.060482028486876414
1629.SubjectIBD391	-0.23149510372360477	-0.006888616984444852	0.09432274443395577
1629.SubjectIBD152	-0.06942297231956167	0.24284796874357	-0.025682027885514977
1629.SubjectIBD617	0.0746906841594793	0.07066095899463343	-0.05070617842035407
1629.SubjectIBD208	-0.2697243457705516	-0.2798600797610158	0.1173717967934865
1629.SubjectIBD059	-0.30706318367126373	-0.055053492455579	0.10884336953456213
1629.SubjectIBD328	-0.30785015910553093	-0.16344701539887288	0.1365260406727966
1629.SubjectIBD353	0.2147295871606168	0.31056349458771826	0.2944276709401877
1629.SubjectIBD315	-0.16456090129478715	-0.0955178682672807	-0.1344296314911321
1629.SubjectIBD352	-0.03478440824369936	0.18098066255671194	-0.12876169108245575
1629.SubjectIBD587	0.43437224924831735	-0.4232306872615434	-0.051408802903215305
1629.SubjectIBD229	-0.2931951832235781	-0.08591522195100201	0.09297803773808079
1629.SubjectIBD306	-0.05620599577013419	0.03925945158567003	-0.13765630709249033
1629.SubjectIBD567	0.4600905788441702	-0.4702858010367413	-0.06410775483447188
1629.SubjectIBD324	-0.28257792655107433	-0.01776748194404824	-0.05728642289557182
1629.SubjectIBD715	0.28606874170187696	-0.245364871116784	-0.026678337199626204
1629.SubjectIBD574	0.343874478322548	-0.2969514172749609	-0.02040757385004131
1629.SubjectIBD536	0.3510291285512818	0.321232805522397	0.29858962190107
1629.SubjectIBD155	-0.14681870321548907	0.10201172834667288	0.099946599463239
1629.SubjectIBD721	-0.3024186720100788	-0.04139894880326982	0.004203791671535847
1629.SubjectIBD046	-0.18745603090246124	0.14295617536040459	-0.11325905694005652
1629.SubjectIBD232	-0.28114470655312124	0.014320751086847777	-0.050207367408108036
1629.SubjectIBD383	0.12511744030295913	0.028112279173080207	-0.18888549513834174
1629.SubjectIBD569	0.09641772236712397	0.28458951896788093	-0.20987154684090337
1629.SubjectIBD346	-0.25957189137429326	0.020629317035575016	-0.03614074336591434
1629.SubjectIBD597	0.381760087429341	-0.35290104442650916	-0.04071829793364087
1629.SubjectIBD530	-0.24243503264778601	0.07006257475316836	-0.02072179733897176
1629.SubjectIBD416	-0.32922926200472824	-0.06881033515691054	0.06173313856762388
1629.SubjectIBD128	0.0739654252301638	0.19592624056743396	-0.24211629338939514
1629.SubjectIBD465	-0.1238671416541324	0.1493679290663871	-0.11108555171652366
1629.SubjectIBD176	0.0882728692650632	-0.01091586730252299	-0.1708918222767954
1629.SubjectIBD182	-0.256845019625069	-0.13118849917592632	0.19823486957644249
1629.SubjectIBD133	-0.04428122960458719	0.07346512728474691	-0.19012444386010763
1629.SubjectIBD252	-0.2306382763585249	0.08973260874048472	-0.07981012921909857
1629.SubjectIBD672	-0.2836435685991589	-0.08871674173083482	0.09925347577648734
1629.SubjectIBD312	-0.04558310787369914	-0.1605826915292449	-0.11503087470833415
1629.SubjectIBD218	-0.275056579460625	-0.24823867237076708	0.21313504871519637
1629.SubjectIBD040	0.18241087941677947	0.15984366863229266	-0.2311611554369186
1629.SubjectIBD624	-0.1967841905415129	-0.1717104211197649	0.09512413978998939
1629.SubjectIBD692	0.40971413709345245	-0.39561690848298475	-0.04657297172637254
1629.SubjectIBD103	-0.30763451396404523	-0.04869465278434659	0.048310283331955375
1629.SubjectIBD295	-0.25106798784138007	-0.07474864788450904	0.1585502964765256
1629.SubjectIBD626	-0.008149854678442793	0.22839345495820715	-0.21486537416558027
1629.SubjectIBD233	0.2601364212042544	-0.13814427897185624	-0.06710590311898988
1629.SubjectIBD710	0.4366221004486324	-0.43675261883924116	-0.06283462616742119
1629.SubjectIBD045	-0.2709247246684837	0.051186352963335784	-0.015388143543855029
1629.SubjectIBD387	-0.1352622731122183	-0.01387644406590564	-0.17799702700959108
1629.SubjectIBD628	-0.23627153640500395	0.04862851591011399	-0.09203831780642718
1629.SubjectIBD467	0.26867473147619964	0.2657517472190342	0.3463274251981107
1629.SubjectIBD100	0.017211754330382634	0.24247572308481063	-0.2243132360701985
1629.SubjectIBD404	0.08778044279745158	0.2741332334824697	0.2841734512788301
1629.SubjectIBD414	-0.29949639368821246	-0.0883621212413077	0.11311620223994877
1629.SubjectIBD042	-0.04269582826014274	0.07271364091465574	-0.09100241497226788
1629.SubjectIBD413	-0.15745048369756476	-0.10246214538247352	0.06026799098202704
1629.SubjectIBD494	-0.31289401502162	-0.0708824390865753	0.041661466217454216
1629.SubjectIBD425	-0.1822663747402674	0.054508154978755816	-0.10138041748305796
1629.SubjectIBD097	-0.11860407099744369	0.1458733845682127	-0.1791216605915814
1629.SubjectIBD344	-0.31525211743484405	-0.20622935959974475	0.15531039760297172
1629.SubjectIBD088	0.13049882597669732	0.08515517196757988	-0.04760233740542019
1629.SubjectIBD630	-0.15230912872419183	0.060834987509696556	-0.18478486012351134
1629.SubjectIBD137	-0.15674493716404783	-0.14345080695862011	0.20433202322558178
1629.SubjectIBD238	0.12314963840815828	0.29267115939357213	0.10158995190162537
1629.SubjectIBD421	-0.03182937741465223	0.2361240506262285	-0.06685386962426085
1629.SubjectIBD202	-0.26665100353584636	-0.16008811499150716	0.01563636486051711
1629.SubjectIBD544	0.1854569557501099	-0.21255133528176146	-0.010664361921546904
1629.SubjectIBD422	-0.1216799754009435	0.16240357469168254	-0.1769188343330763
1629.SubjectIBD522	0.19579443028388038	0.33691898059362496	0.10116009762475642